mode,experiment,algorithm,variant,weightProfile,vmProfile,perturbation,taskCount,vmCount,seed,populationSize,maxIterations,initialEvaluations,iterationEvaluations,localSearchEvaluations,totalEvaluations,normMakespan,normEnergy,normCost,normImbalance,makespan,energy,cost,imbalance,objective,cloudsimFinishedCloudlets,cloudsimMakespan,runtimeMs
formalfull,E4_main,LSCBO,LSCBO,W0_equal,default_4_to_1,LEVY,200,50,71,20,20,20,400,20,440,33.10262258,114.24021355,235.09664973,1.01544840,43.86390533,137.39710790,236.42424924,1.32399113,1.20932196,200,44.56949938,388
formalfull,E4_main,CBO,CBO,W0_equal,default_4_to_1,NONE,200,50,71,20,20,20,400,0,420,33.10262258,114.24021355,235.09664973,1.01544840,68.09319527,192.63373302,244.99033718,1.86268392,1.65491986,200,68.97538462,126
formalfull,E4_main,GTO,GTO,W0_equal,default_4_to_1,NONE,200,50,71,20,20,20,400,0,420,33.10262258,114.24021355,235.09664973,1.01544840,68.80887793,193.45118000,243.77793176,1.90756735,1.67187466,200,69.67226880,97
formalfull,E4_main,WOA,WOA,W0_equal,default_4_to_1,NONE,200,50,71,20,20,20,400,0,420,33.10262258,114.24021355,235.09664973,1.01544840,64.42934783,183.65048101,242.55991147,1.81061039,1.59218597,200,65.54065217,86
formalfull,E4_main,HHO,HHO,W0_equal,default_4_to_1,NONE,200,50,71,20,20,20,400,0,420,33.10262258,114.24021355,235.09664973,1.01544840,64.31562819,184.08794395,243.77379338,1.78308419,1.58679844,200,65.29881606,82
formalfull,E4_main,GWO,GWO,W0_equal,default_4_to_1,NONE,200,50,71,20,20,20,400,0,420,33.10262258,114.24021355,235.09664973,1.01544840,66.98183653,189.41080893,243.35666909,1.86563198,1.63846220,200,67.82907919,80
formalfull,E4_main,DBO,DBO,W0_equal,default_4_to_1,NONE,200,50,71,20,20,20,400,0,420,33.10262258,114.24021355,235.09664973,1.01544840,63.17723881,181.01730110,242.51559645,1.77630815,1.56847511,200,64.53270677,75
formalfull,E4_main,PSO,PSO,W0_equal,default_4_to_1,NONE,200,50,71,20,20,20,400,0,420,33.10262258,114.24021355,235.09664973,1.01544840,63.95405819,183.52641235,244.11892401,1.76629978,1.57907367,200,65.14828484,61
formalfull,E4_main,AOA,AOA,W0_equal,default_4_to_1,NONE,200,50,71,20,20,20,400,0,420,33.10262258,114.24021355,235.09664973,1.01544840,62.69640063,180.42260394,243.24828474,1.74838178,1.55744603,200,63.54873273,51
formalfull,E4_main,LSCBO,LSCBO,W0_equal,default_4_to_1,LEVY,500,50,71,20,20,20,400,20,440,82.83512842,287.12219053,594.44213638,1.00436305,111.46022727,352.54553564,604.86003689,1.28643908,1.21795055,500,113.88159091,183
formalfull,E4_main,CBO,CBO,W0_equal,default_4_to_1,NONE,500,50,71,20,20,20,400,0,420,82.83512842,287.12219053,594.44213638,1.00436305,168.78079710,478.42711557,616.49474389,1.84871398,1.64540399,500,171.45057971,120
formalfull,E4_main,GTO,GTO,W0_equal,default_4_to_1,NONE,500,50,71,20,20,20,400,0,420,82.83512842,287.12219053,594.44213638,1.00436305,162.19521179,465.83551461,618.52580710,1.76090987,1.59356330,500,164.88900552,105
formalfull,E4_main,WOA,WOA,W0_equal,default_4_to_1,NONE,500,50,71,20,20,20,400,0,420,82.83512842,287.12219053,594.44213638,1.00436305,159.96424168,460.23106843,616.80394188,1.74977281,1.57845397,500,161.91297164,88
formalfull,E4_main,HHO,HHO,W0_equal,default_4_to_1,NONE,500,50,71,20,20,20,400,0,420,82.83512842,287.12219053,594.44213638,1.00436305,161.65111940,463.33298645,616.06160284,1.77398673,1.59196090,500,164.78910448,89
formalfull,E4_main,GWO,GWO,W0_equal,default_4_to_1,NONE,500,50,71,20,20,20,400,0,420,82.83512842,287.12219053,594.44213638,1.00436305,168.12426036,478.35667262,618.82995938,1.82287223,1.63791093,500,170.30674556,105
formalfull,E4_main,DBO,DBO,W0_equal,default_4_to_1,NONE,500,50,71,20,20,20,400,0,420,82.83512842,287.12219053,594.44213638,1.00436305,166.01473297,472.82786126,616.78882664,1.81607636,1.62418029,500,168.80613260,90
formalfull,E4_main,PSO,PSO,W0_equal,default_4_to_1,NONE,500,50,71,20,20,20,400,0,420,82.83512842,287.12219053,594.44213638,1.00436305,159.63586957,458.94517498,615.72072910,1.75449633,1.57706349,500,162.21566616,89
formalfull,E4_main,AOA,AOA,W0_equal,default_4_to_1,NONE,500,50,71,20,20,20,400,0,420,82.83512842,287.12219053,594.44213638,1.00436305,169.49094203,481.65067304,619.63410386,1.83130360,1.64734063,500,172.20057971,86
formalfull,E4_main,LSCBO,LSCBO,W0_equal,default_4_to_1,LEVY,1000,50,71,20,20,20,400,20,440,170.24018945,590.29667370,1222.95875225,1.00345922,306.94384058,900.88116958,1269.37215307,1.63078308,1.49806686,1000,312.44695652,237
formalfull,E4_main,CBO,CBO,W0_equal,default_4_to_1,NONE,1000,50,71,20,20,20,400,0,420,170.24018945,590.29667370,1222.95875225,1.00345922,347.25421133,986.97058381,1273.16920837,1.83018225,1.64417756,1000,352.86624809,235
formalfull,E4_main,GTO,GTO,W0_equal,default_4_to_1,NONE,1000,50,71,20,20,20,400,0,420,170.24018945,590.29667370,1222.95875225,1.00345922,347.34622468,986.82933360,1272.56990794,1.83298305,1.64482813,1000,353.24075506,214
formalfull,E4_main,WOA,WOA,W0_equal,default_4_to_1,NONE,1000,50,71,20,20,20,400,0,420,170.24018945,590.29667370,1222.95875225,1.00345922,332.95471014,953.90885244,1267.28122135,1.77687378,1.59469157,1000,338.52485507,191
formalfull,E4_main,HHO,HHO,W0_equal,default_4_to_1,NONE,1000,50,71,20,20,20,400,0,420,170.24018945,590.29667370,1222.95875225,1.00345922,343.81767956,982.01760361,1277.14083816,1.79702393,1.62958418,1000,349.41798234,173
formalfull,E4_main,GWO,GWO,W0_equal,default_4_to_1,NONE,1000,50,71,20,20,20,400,0,420,170.24018945,590.29667370,1222.95875225,1.00345922,342.87126866,978.48300961,1274.32760984,1.80267987,1.62753143,1000,349.44208955,208
formalfull,E4_main,DBO,DBO,W0_equal,default_4_to_1,NONE,1000,50,71,20,20,20,400,0,420,170.24018945,590.29667370,1222.95875225,1.00345922,361.86064319,1017.93919513,1274.13858928,1.90327498,1.69715135,1000,367.46987749,183
formalfull,E4_main,PSO,PSO,W0_equal,default_4_to_1,NONE,1000,50,71,20,20,20,400,0,420,170.24018945,590.29667370,1222.95875225,1.00345922,341.33701657,974.45551367,1272.83156246,1.80027750,1.62266831,1000,347.08634879,194
formalfull,E4_main,AOA,AOA,W0_equal,default_4_to_1,NONE,1000,50,71,20,20,20,400,0,420,170.24018945,590.29667370,1222.95875225,1.00345922,343.88820827,978.66781308,1270.84673252,1.82135966,1.63304537,1000,349.41908116,184
formalfull,E4_main,LSCBO,LSCBO,W0_equal,default_4_to_1,LEVY,2000,50,71,20,20,20,400,20,440,332.70180960,1154.57141672,2394.53988911,1.00139389,638.26923077,1844.64497338,2490.79446171,1.72160627,1.56888445,2000,649.92902985,503
formalfull,E4_main,CBO,CBO,W0_equal,default_4_to_1,NONE,2000,50,71,20,20,20,400,0,420,332.70180960,1154.57141672,2394.53988911,1.00139389,693.65930018,1962.97171633,2496.06983870,1.86042115,1.67133340,2000,705.06580110,449
formalfull,E4_main,GTO,GTO,W0_equal,default_4_to_1,NONE,2000,50,71,20,20,20,400,0,420,332.70180960,1154.57141672,2394.53988911,1.00139389,699.64130435,1977.56425700,2499.90389629,1.86877839,1.68147484,2000,710.85637681,445
formalfull,E4_main,WOA,WOA,W0_equal,default_4_to_1,NONE,2000,50,71,20,20,20,400,0,420,332.70180960,1154.57141672,2394.53988911,1.00139389,693.99631676,1964.77670532,2498.05500673,1.85736936,1.67142285,2000,705.17998158,439
formalfull,E4_main,HHO,HHO,W0_equal,default_4_to_1,NONE,2000,50,71,20,20,20,400,0,420,332.70180960,1154.57141672,2394.53988911,1.00139389,679.63067293,1933.14980049,2494.99774241,1.82489475,1.64535343,2000,688.42924883,361
formalfull,E4_main,GWO,GWO,W0_equal,default_4_to_1,NONE,2000,50,71,20,20,20,400,0,420,332.70180960,1154.57141672,2394.53988911,1.00139389,718.84346225,2016.51413100,2498.00557738,1.92397056,1.71791828,2000,730.51515654,453
formalfull,E4_main,DBO,DBO,W0_equal,default_4_to_1,NONE,2000,50,71,20,20,20,400,0,420,332.70180960,1154.57141672,2394.53988911,1.00139389,688.45522388,1950.84209203,2493.75180111,1.85106690,1.66221917,2000,701.02044776,421
formalfull,E4_main,PSO,PSO,W0_equal,default_4_to_1,NONE,2000,50,71,20,20,20,400,0,420,332.70180960,1154.57141672,2394.53988911,1.00139389,697.66114180,1970.16917842,2494.01836439,1.87528146,1.67939467,2000,708.84062615,377
formalfull,E4_main,AOA,AOA,W0_equal,default_4_to_1,NONE,2000,50,71,20,20,20,400,0,420,332.70180960,1154.57141672,2394.53988911,1.00139389,698.46860643,1977.60305203,2504.37134453,1.85678341,1.67807390,2000,709.71617152,388
formalfull,E4_main,LSCBO,LSCBO,W0_equal,default_4_to_1,LEVY,5000,50,71,20,20,20,400,20,440,828.76502732,2877.04125750,5969.60218605,1.00053465,1628.72101449,4678.95464560,6213.21133273,1.75932290,1.59768436,5000,1655.95963768,1504
formalfull,E4_main,CBO,CBO,W0_equal,default_4_to_1,NONE,5000,50,71,20,20,20,400,0,420,828.76502732,2877.04125750,5969.60218605,1.00053465,1781.50000000,5012.84640969,6241.29531245,1.90128187,1.70943107,5000,1813.15850746,1399
formalfull,E4_main,GTO,GTO,W0_equal,default_4_to_1,NONE,5000,50,71,20,20,20,400,0,420,828.76502732,2877.04125750,5969.60218605,1.00053465,1795.02762431,5032.36263642,6225.69592939,1.92856190,1.72137067,5000,1823.64959484,1368
formalfull,E4_main,WOA,WOA,W0_equal,default_4_to_1,NONE,5000,50,71,20,20,20,400,0,420,828.76502732,2877.04125750,5969.60218605,1.00053465,1781.57971014,5007.36160868,6231.12375758,1.90965903,1.71064571,5000,1809.36000000,1344
formalfull,E4_main,HHO,HHO,W0_equal,default_4_to_1,NONE,5000,50,71,20,20,20,400,0,420,828.76502732,2877.04125750,5969.60218605,1.00053465,1787.38059701,5020.89409490,6233.72890702,1.91373935,1.71470011,5000,1819.09880597,1249
formalfull,E4_main,GWO,GWO,W0_equal,default_4_to_1,NONE,5000,50,71,20,20,20,400,0,420,828.76502732,2877.04125750,5969.60218605,1.00053465,1770.88581952,4986.06189581,6232.88636425,1.89676290,1.70242053,5000,1799.50042357,1486
formalfull,E4_main,DBO,DBO,W0_equal,default_4_to_1,NONE,5000,50,71,20,20,20,400,0,420,828.76502732,2877.04125750,5969.60218605,1.00053465,1817.79291045,5085.81831139,6236.54632133,1.94395601,1.73718379,5000,1849.75365672,1447
formalfull,E4_main,PSO,PSO,W0_equal,default_4_to_1,NONE,5000,50,71,20,20,20,400,0,420,828.76502732,2877.04125750,5969.60218605,1.00053465,1850.22836096,5154.40147769,6238.36308126,1.97710614,1.76128677,5000,1878.58279926,1178
formalfull,E4_main,AOA,AOA,W0_equal,default_4_to_1,NONE,5000,50,71,20,20,20,400,0,420,828.76502732,2877.04125750,5969.60218605,1.00053465,1790.66298343,5028.83931385,6235.72135208,1.91561914,1.71693379,5000,1818.53173112,1261
formalfull,E2_ablation,LSCBO,no_local_search,W0_equal,default_4_to_1,LEVY,200,50,71,20,20,20,400,0,420,33.10262258,114.24021355,235.09664973,1.01544840,63.84162063,183.51435151,244.51885536,1.75543864,1.57594942,200,64.99666667,41
formalfull,E2_ablation,LSCBO,LSCBO_full,W0_equal,default_4_to_1,LEVY,200,50,71,20,20,20,400,20,440,33.10262258,114.24021355,235.09664973,1.01544840,42.42113323,134.69518790,236.97118861,1.27204242,1.18030496,200,43.53760589,43
formalfull,E2_ablation,LSCBO,no_phase2,W0_equal,default_4_to_1,LEVY,200,50,71,20,20,20,400,20,440,33.10262258,114.24021355,235.09664973,1.01544840,41.60288809,132.90997873,236.82623139,1.24967926,1.16455877,200,42.31072202,37
formalfull,E2_ablation,LSCBO,no_phase3,W0_equal,default_4_to_1,LEVY,200,50,71,20,20,20,400,20,440,33.10262258,114.24021355,235.09664973,1.01544840,41.21583221,131.62159539,235.95860093,1.25109525,1.15824214,200,42.03898130,38
formalfull,E2_ablation,LSCBO,ls_only,W0_equal,default_4_to_1,NONE,200,50,71,20,20,20,400,20,440,33.10262258,114.24021355,235.09664973,1.01544840,43.84467456,137.39188892,236.48697048,1.32240925,1.20884255,200,44.69875740,24
formalfull,E2_ablation,CBO,cbo_base,W0_equal,default_4_to_1,NONE,200,50,71,20,20,20,400,0,420,33.10262258,114.24021355,235.09664973,1.01544840,68.43278085,192.93900451,244.26637994,1.88692053,1.66334967,200,69.51699816,35
formalfull,E2_ablation,LSCBO,no_levy,W0_equal,default_4_to_1,NONE,200,50,71,20,20,20,400,20,440,33.10262258,114.24021355,235.09664973,1.01544840,43.99079190,137.75379628,236.59046369,1.32516174,1.21152576,200,45.12768835,34
formalfull,E2_ablation,LSCBO,no_local_search,W0_equal,default_4_to_1,LEVY,500,50,71,20,20,20,400,0,420,82.83512842,287.12219053,594.44213638,1.00436305,159.41469194,458.18960518,615.19011954,1.75616204,1.57592954,500,161.90857820,109
formalfull,E2_ablation,LSCBO,LSCBO_full,W0_equal,default_4_to_1,LEVY,500,50,71,20,20,20,400,20,440,82.83512842,287.12219053,594.44213638,1.00436305,109.78522727,348.24773544,603.40524652,1.27567456,1.20586193,500,111.75205610,102
formalfull,E2_ablation,LSCBO,no_phase2,W0_equal,default_4_to_1,LEVY,500,50,71,20,20,20,400,20,440,82.83512842,287.12219053,594.44213638,1.00436305,125.76730988,383.88118836,607.61265202,1.43335202,1.32614053,500,128.06913734,109
formalfull,E2_ablation,LSCBO,no_phase3,W0_equal,default_4_to_1,LEVY,500,50,71,20,20,20,400,20,440,82.83512842,287.12219053,594.44213638,1.00436305,116.75910931,363.53472857,604.76977651,1.34815890,1.25883617,500,118.88024291,119
formalfull,E2_ablation,LSCBO,ls_only,W0_equal,default_4_to_1,NONE,500,50,71,20,20,20,400,20,440,82.83512842,287.12219053,594.44213638,1.00436305,117.41619156,366.37507144,607.41833524,1.33936198,1.26221659,500,119.72673888,70
formalfull,E2_ablation,CBO,cbo_base,W0_equal,default_4_to_1,NONE,500,50,71,20,20,20,400,0,420,82.83512842,287.12219053,594.44213638,1.00436305,162.16942910,466.40885868,619.65451151,1.75204211,1.59225209,500,164.95162063,89
formalfull,E2_ablation,LSCBO,no_levy,W0_equal,default_4_to_1,NONE,500,50,71,20,20,20,400,20,440,82.83512842,287.12219053,594.44213638,1.00436305,109.63791146,347.82051221,603.18867898,1.27524643,1.20484769,500,111.88979569,102
formalfull,E2_ablation,LSCBO,no_local_search,W0_equal,default_4_to_1,LEVY,1000,50,71,20,20,20,400,0,420,170.24018945,590.29667370,1222.95875225,1.00345922,349.99061033,992.53337193,1272.92073075,1.84557105,1.65433507,1000,354.28527387,214
formalfull,E2_ablation,LSCBO,LSCBO_full,W0_equal,default_4_to_1,LEVY,1000,50,71,20,20,20,400,20,440,170.24018945,590.29667370,1222.95875225,1.00345922,326.00765697,940.00085749,1268.29827986,1.73603048,1.56863176,1000,331.27385911,216
formalfull,E2_ablation,LSCBO,no_phase2,W0_equal,default_4_to_1,LEVY,1000,50,71,20,20,20,400,20,440,170.24018945,590.29667370,1222.95875225,1.00345922,252.47965475,780.90006442,1257.64686065,1.37569678,1.30132292,1000,256.45479655,223
formalfull,E2_ablation,LSCBO,no_phase3,W0_equal,default_4_to_1,LEVY,1000,50,71,20,20,20,400,20,440,170.24018945,590.29667370,1222.95875225,1.00345922,262.20454545,800.97052800,1257.30535495,1.42974939,1.33750097,1000,267.09409091,223
formalfull,E2_ablation,LSCBO,ls_only,W0_equal,default_4_to_1,NONE,1000,50,71,20,20,20,400,20,440,170.24018945,590.29667370,1222.95875225,1.00345922,256.45023697,787.49152373,1254.62180409,1.40660535,1.31702748,1000,261.15857820,155
formalfull,E2_ablation,CBO,cbo_base,W0_equal,default_4_to_1,NONE,1000,50,71,20,20,20,400,0,420,170.24018945,590.29667370,1222.95875225,1.00345922,358.81690141,1013.22713846,1277.07091894,1.87569420,1.68441395,1000,363.47091935,195
formalfull,E2_ablation,LSCBO,no_levy,W0_equal,default_4_to_1,NONE,1000,50,71,20,20,20,400,20,440,170.24018945,590.29667370,1222.95875225,1.00345922,264.06022727,805.43542640,1258.38336524,1.43649048,1.34401685,1000,268.76000000,193
formalfull,E2_ablation,LSCBO,no_local_search,W0_equal,default_4_to_1,LEVY,2000,50,71,20,20,20,400,0,420,332.70180960,1154.57141672,2394.53988911,1.00139389,697.13259669,1972.39166686,2500.00088779,1.86188456,1.67675878,2000,708.32731123,494
formalfull,E2_ablation,LSCBO,LSCBO_full,W0_equal,default_4_to_1,LEVY,2000,50,71,20,20,20,400,20,440,332.70180960,1154.57141672,2394.53988911,1.00139389,551.08471455,1654.74429836,2475.91518249,1.51069517,1.40804480,2000,561.18918969,503
formalfull,E2_ablation,LSCBO,no_phase2,W0_equal,default_4_to_1,LEVY,2000,50,71,20,20,20,400,20,440,332.70180960,1154.57141672,2394.53988911,1.00139389,576.17572464,1706.83909724,2475.59453264,1.58003300,1.45545575,2000,586.28028986,482
formalfull,E2_ablation,LSCBO,no_phase3,W0_equal,default_4_to_1,LEVY,2000,50,71,20,20,20,400,20,440,332.70180960,1154.57141672,2394.53988911,1.00139389,537.39950678,1624.10735121,2472.08820675,1.47938781,1.38291208,2000,545.49101110,486
formalfull,E2_ablation,LSCBO,ls_only,W0_equal,default_4_to_1,NONE,2000,50,71,20,20,20,400,20,440,332.70180960,1154.57141672,2394.53988911,1.00139389,686.71828358,1945.85125146,2491.28181419,1.85131466,1.65963730,2000,698.73485075,351
formalfull,E2_ablation,CBO,cbo_base,W0_equal,default_4_to_1,NONE,2000,50,71,20,20,20,400,0,420,332.70180960,1154.57141672,2394.53988911,1.00139389,707.59484346,1993.28902933,2498.38271482,1.89309949,1.69676920,2000,719.05475138,432
formalfull,E2_ablation,LSCBO,no_levy,W0_equal,default_4_to_1,NONE,2000,50,71,20,20,20,400,20,440,332.70180960,1154.57141672,2394.53988911,1.00139389,624.04477612,1815.86565052,2492.33338549,1.68044841,1.54184978,2000,636.18462687,441
formalfull,E2_ablation,LSCBO,no_local_search,W0_equal,default_4_to_1,LEVY,5000,50,71,20,20,20,400,0,420,828.76502732,2877.04125750,5969.60218605,1.00053465,1777.33149171,4996.26934913,6227.08850950,1.90840721,1.70791858,5000,1805.68274401,1511
formalfull,E2_ablation,LSCBO,LSCBO_full,W0_equal,default_4_to_1,LEVY,5000,50,71,20,20,20,400,20,440,828.76502732,2877.04125750,5969.60218605,1.00053465,1596.37089202,4608.57858278,6207.84737894,1.72838448,1.57385540,5000,1622.83007463,1529
formalfull,E2_ablation,LSCBO,no_phase2,W0_equal,default_4_to_1,LEVY,5000,50,71,20,20,20,400,20,440,828.76502732,2877.04125750,5969.60218605,1.00053465,1631.11049724,4685.31280078,6215.69545176,1.76001492,1.59923459,5000,1658.29232044,1588
formalfull,E2_ablation,LSCBO,no_phase3,W0_equal,default_4_to_1,LEVY,5000,50,71,20,20,20,400,20,440,828.76502732,2877.04125750,5969.60218605,1.00053465,1633.43639053,4689.15808266,6213.89485929,1.76389545,1.60116455,5000,1655.49757396,1474
formalfull,E2_ablation,LSCBO,ls_only,W0_equal,default_4_to_1,NONE,5000,50,71,20,20,20,400,20,440,828.76502732,2877.04125750,5969.60218605,1.00053465,1602.66482505,4622.46488079,6209.24046650,1.73415266,1.57846025,5000,1629.93454880,1194
formalfull,E2_ablation,CBO,cbo_base,W0_equal,default_4_to_1,NONE,5000,50,71,20,20,20,400,0,420,828.76502732,2877.04125750,5969.60218605,1.00053465,1792.21178637,5028.53957434,6229.37380991,1.92249790,1.71882789,5000,1821.44517495,1479
formalfull,E2_ablation,LSCBO,no_levy,W0_equal,default_4_to_1,NONE,5000,50,71,20,20,20,400,20,440,828.76502732,2877.04125750,5969.60218605,1.00053465,1572.41863905,4562.12860827,6214.05837343,1.69788442,1.55523303,5000,1594.22982249,1476
formalfull,E3_evolution,LSCBO,V5_LSCBO_final,W0_equal,default_4_to_1,LEVY,200,50,71,20,20,20,400,20,440,33.10262258,114.24021355,235.09664973,1.01544840,45.95199183,141.74365090,236.41770226,1.38712773,1.25014066,200,46.78454545,41
formalfull,E3_evolution,CBO,V1_CBO,W0_equal,default_4_to_1,NONE,200,50,71,20,20,20,400,0,420,33.10262258,114.24021355,235.09664973,1.01544840,62.20098644,179.93487027,244.22816735,1.71581227,1.54566068,200,63.02491985,39
formalfull,E3_evolution,LSCBO,V4_CBO_plus_Levy_plus_LS,W0_equal,default_4_to_1,LEVY,200,50,71,20,20,20,400,20,440,33.10262258,114.24021355,235.09664973,1.01544840,42.69426152,134.49922564,235.59422543,1.30173170,1.18778401,200,43.41567262,40
formalfull,E3_evolution,LSCBO,V2_CBO_plus_Levy,W0_equal,default_4_to_1,LEVY,200,50,71,20,20,20,400,0,420,33.10262258,114.24021355,235.09664973,1.01544840,64.34549601,183.69730181,242.95863322,1.80018555,1.58951260,200,65.23428734,39
formalfull,E3_evolution,LSCBO,V3_CBO_plus_LS,W0_equal,default_4_to_1,NONE,200,50,71,20,20,20,400,20,440,33.10262258,114.24021355,235.09664973,1.01544840,41.50391459,132.25830612,236.02437130,1.25883464,1.16378653,200,42.30031358,36
formalfull,E3_evolution,LSCBO,V5_LSCBO_final,W0_equal,default_4_to_1,LEVY,500,50,71,20,20,20,400,20,440,82.83512842,287.12219053,594.44213638,1.00436305,116.72037915,364.37777069,606.43249044,1.33744095,1.25748475,500,118.82534108,105
formalfull,E3_evolution,CBO,V1_CBO,W0_equal,default_4_to_1,NONE,500,50,71,20,20,20,400,0,420,82.83512842,287.12219053,594.44213638,1.00436305,161.40579710,463.02558600,616.42824066,1.76844835,1.58972846,500,164.09913043,93
formalfull,E3_evolution,LSCBO,V4_CBO_plus_Levy_plus_LS,W0_equal,default_4_to_1,LEVY,500,50,71,20,20,20,400,20,440,82.83512842,287.12219053,594.44213638,1.00436305,110.75909091,349.74425119,602.44698624,1.29274835,1.21395102,500,112.98159091,103
formalfull,E3_evolution,LSCBO,V2_CBO_plus_Levy,W0_equal,default_4_to_1,LEVY,500,50,71,20,20,20,400,0,420,82.83512842,287.12219053,594.44213638,1.00436305,163.88262911,468.99485181,617.88479910,1.78419637,1.60693362,500,166.08652582,115
formalfull,E3_evolution,LSCBO,V3_CBO_plus_LS,W0_equal,default_4_to_1,NONE,500,50,71,20,20,20,400,20,440,82.83512842,287.12219053,594.44213638,1.00436305,115.46597633,360.13823965,603.50534512,1.34105940,1.24967715,500,117.25283089,95
formalfull,E3_evolution,LSCBO,V5_LSCBO_final,W0_equal,default_4_to_1,LEVY,1000,50,71,20,20,20,400,20,440,170.24018945,590.29667370,1222.95875225,1.00345922,263.00228050,801.02659165,1254.41476308,1.44319825,1.34145592,1000,267.42356899,253
formalfull,E3_evolution,CBO,V1_CBO,W0_equal,default_4_to_1,NONE,1000,50,71,20,20,20,400,0,420,170.24018945,590.29667370,1222.95875225,1.00345922,355.69962687,1005.50592972,1274.86252274,1.86802482,1.67420395,1000,362.12858209,219
formalfull,E3_evolution,LSCBO,V4_CBO_plus_Levy_plus_LS,W0_equal,default_4_to_1,LEVY,1000,50,71,20,20,20,400,20,440,170.24018945,590.29667370,1222.95875225,1.00345922,253.25997719,780.13069963,1253.33579485,1.39303747,1.30558195,1000,257.13334094,237
formalfull,E3_evolution,LSCBO,V2_CBO_plus_Levy,W0_equal,default_4_to_1,LEVY,1000,50,71,20,20,20,400,0,420,170.24018945,590.29667370,1222.95875225,1.00345922,351.11007463,995.05026043,1273.25313893,1.85017698,1.65826042,1000,357.20141791,249
formalfull,E3_evolution,LSCBO,V3_CBO_plus_LS,W0_equal,default_4_to_1,NONE,1000,50,71,20,20,20,400,20,440,170.24018945,590.29667370,1222.95875225,1.00345922,252.31902985,778.23156420,1253.44590362,1.38752573,1.30204516,1000,258.19388060,226
formalfull,E3_evolution,LSCBO,V5_LSCBO_final,W0_equal,default_4_to_1,LEVY,2000,50,71,20,20,20,400,20,440,332.70180960,1154.57141672,2394.53988911,1.00139389,545.55283308,1639.93375792,2470.00076521,1.50529284,1.39871489,2000,555.29989280,586
formalfull,E3_evolution,CBO,V1_CBO,W0_equal,default_4_to_1,NONE,2000,50,71,20,20,20,400,0,420,332.70180960,1154.57141672,2394.53988911,1.00139389,706.19962687,1985.44796914,2489.50086871,1.90749748,1.69669016,2000,718.72753731,520
formalfull,E3_evolution,LSCBO,V4_CBO_plus_Levy_plus_LS,W0_equal,default_4_to_1,LEVY,2000,50,71,20,20,20,400,20,440,332.70180960,1154.57141672,2394.53988911,1.00139389,566.85634328,1690.84524527,2481.75327918,1.54404574,1.43664849,2000,578.69955224,579
formalfull,E3_evolution,LSCBO,V2_CBO_plus_Levy,W0_equal,default_4_to_1,LEVY,2000,50,71,20,20,20,400,0,420,332.70180960,1154.57141672,2394.53988911,1.00139389,701.24309392,1979.83413923,2497.98297340,1.87690893,1.68499922,2000,712.61276243,575
formalfull,E3_evolution,LSCBO,V3_CBO_plus_LS,W0_equal,default_4_to_1,NONE,2000,50,71,20,20,20,400,20,440,332.70180960,1154.57141672,2394.53988911,1.00139389,573.65009208,1702.37824447,2477.03611974,1.57062341,1.45039340,2000,584.52436464,512
formalfull,E3_evolution,LSCBO,V5_LSCBO_final,W0_equal,default_4_to_1,LEVY,5000,50,71,20,20,20,400,20,440,828.76502732,2877.04125750,5969.60218605,1.00053465,1583.63609467,4581.50662684,6206.87334827,1.71532014,1.56435636,5000,1608.79324125,1965
formalfull,E3_evolution,CBO,V1_CBO,W0_equal,default_4_to_1,NONE,5000,50,71,20,20,20,400,0,420,828.76502732,2877.04125750,5969.60218605,1.00053465,1820.02798507,5091.72412482,6238.79525565,1.94447561,1.73859521,5000,1852.11373134,1827
formalfull,E3_evolution,LSCBO,V4_CBO_plus_Levy_plus_LS,W0_equal,default_4_to_1,LEVY,5000,50,71,20,20,20,400,20,440,828.76502732,2877.04125750,5969.60218605,1.00053465,1561.39042357,4536.63249610,6209.52117958,1.68928672,1.54735256,5000,1588.41018416,2242
formalfull,E3_evolution,LSCBO,V2_CBO_plus_Levy,W0_equal,default_4_to_1,LEVY,5000,50,71,20,20,20,400,0,420,828.76502732,2877.04125750,5969.60218605,1.00053465,1724.16977612,4890.83927256,6236.67080515,1.84373682,1.66696317,5000,1755.37119403,2328
formalfull,E3_evolution,LSCBO,V3_CBO_plus_LS,W0_equal,default_4_to_1,NONE,5000,50,71,20,20,20,400,20,440,828.76502732,2877.04125750,5969.60218605,1.00053465,1543.24569640,4492.37545549,6197.90123337,1.67809437,1.53475020,5000,1568.01976059,1883
formalfull,weight_sensitivity,LSCBO,LSCBO,W0_equal,default_4_to_1,LEVY,100,50,71,20,20,20,400,20,440,16.05374078,54.28367260,108.63480775,1.06999023,21.71361133,66.53592590,109.46434913,1.41590966,1.22729846,100,22.31009621,24
formalfull,weight_sensitivity,CBO,CBO,W0_equal,default_4_to_1,NONE,100,50,71,20,20,20,400,0,420,16.05374078,54.28367260,108.63480775,1.06999023,31.18779343,87.80068876,112.21273942,1.89766730,1.59165657,100,31.55232464,19
formalfull,weight_sensitivity,GTO,GTO,W0_equal,default_4_to_1,NONE,100,50,71,20,20,20,400,0,420,16.05374078,54.28367260,108.63480775,1.06999023,30.14900315,84.76958770,110.65222105,1.90688564,1.56008290,100,30.68607555,19
formalfull,weight_sensitivity,WOA,WOA,W0_equal,default_4_to_1,NONE,100,50,71,20,20,20,400,0,420,16.05374078,54.28367260,108.63480775,1.06999023,32.99813433,91.42886782,111.95468334,2.02051042,1.66466587,100,33.63754977,21
formalfull,weight_sensitivity,HHO,HHO,W0_equal,default_4_to_1,NONE,100,50,71,20,20,20,400,0,420,16.05374078,54.28367260,108.63480775,1.06999023,31.07656968,86.68167461,110.61560300,1.96737564,1.59738265,100,31.60976467,17
formalfull,weight_sensitivity,GWO,GWO,W0_equal,default_4_to_1,NONE,100,50,71,20,20,20,400,0,420,16.05374078,54.28367260,108.63480775,1.06999023,30.56873033,86.36406969,111.94831172,1.87204761,1.56880535,100,30.98408185,22
formalfull,weight_sensitivity,DBO,DBO,W0_equal,default_4_to_1,NONE,100,50,71,20,20,20,400,0,420,16.05374078,54.28367260,108.63480775,1.06999023,31.67873303,89.04799461,112.61686642,1.90876486,1.60856914,100,32.07523936,17
formalfull,weight_sensitivity,PSO,PSO,W0_equal,default_4_to_1,NONE,100,50,71,20,20,20,400,0,420,16.05374078,54.28367260,108.63480775,1.06999023,32.90795455,91.65143872,112.69348515,1.97917535,1.65632895,100,33.33750000,21
formalfull,weight_sensitivity,AOA,AOA,W0_equal,default_4_to_1,NONE,100,50,71,20,20,20,400,0,420,16.05374078,54.28367260,108.63480775,1.06999023,33.06499430,91.91619628,112.58114969,1.99400890,1.66320110,100,33.48628278,18
formalfull,weight_sensitivity,LSCBO,LSCBO,W0_equal,default_4_to_1,LEVY,300,50,71,20,20,20,400,20,440,47.37709030,163.71086089,337.77481097,1.01219723,56.57013118,184.00021757,339.82174969,1.18782528,1.12438641,300,57.51071072,88
formalfull,weight_sensitivity,CBO,CBO,W0_equal,default_4_to_1,NONE,300,50,71,20,20,20,400,0,420,47.37709030,163.71086089,337.77481097,1.01219723,90.29650092,259.44849472,349.15476204,1.75817226,1.56534613,300,91.91662983,88
formalfull,weight_sensitivity,GTO,GTO,W0_equal,default_4_to_1,NONE,300,50,71,20,20,20,400,0,420,47.37709030,163.71086089,337.77481097,1.01219723,88.71682464,257.28440032,351.18317817,1.70054862,1.54097472,300,90.23169586,85
formalfull,weight_sensitivity,WOA,WOA,W0_equal,default_4_to_1,NONE,300,50,71,20,20,20,400,0,420,47.37709030,163.71086089,337.77481097,1.01219723,94.68139963,269.15133679,350.17650761,1.82899627,1.62155033,300,96.33099448,67
formalfull,weight_sensitivity,HHO,HHO,W0_equal,default_4_to_1,NONE,300,50,71,20,20,20,400,0,420,47.37709030,163.71086089,337.77481097,1.01219723,86.76054732,252.81918733,350.48183475,1.67204143,1.51627305,300,88.00851767,48
formalfull,weight_sensitivity,GWO,GWO,W0_equal,default_4_to_1,NONE,300,50,71,20,20,20,400,0,420,47.37709030,163.71086089,337.77481097,1.01219723,91.35189573,261.28846139,348.50897149,1.78771363,1.58054340,300,92.79819905,65
formalfull,weight_sensitivity,DBO,DBO,W0_equal,default_4_to_1,NONE,300,50,71,20,20,20,400,0,420,47.37709030,163.71086089,337.77481097,1.01219723,93.17753623,265.84945000,349.87259913,1.80418231,1.60221880,300,94.74173913,57
formalfull,weight_sensitivity,PSO,PSO,W0_equal,default_4_to_1,NONE,300,50,71,20,20,20,400,0,420,47.37709030,163.71086089,337.77481097,1.01219723,92.24852071,263.94433836,349.92720638,1.78543879,1.58981830,300,93.51532544,55
formalfull,weight_sensitivity,AOA,AOA,W0_equal,default_4_to_1,NONE,300,50,71,20,20,20,400,0,420,47.37709030,163.71086089,337.77481097,1.01219723,93.80978261,266.97713548,349.53150908,1.82123573,1.61123664,300,95.49586957,58
formalfull,weight_sensitivity,LSCBO,LSCBO,W0_equal,default_4_to_1,LEVY,500,50,71,20,20,20,400,19,439,82.83512842,287.12219053,594.44213638,1.00436305,132.52486188,399.55186894,610.47905704,1.49088517,1.37570603,500,135.06764273,140
formalfull,weight_sensitivity,CBO,CBO,W0_equal,default_4_to_1,NONE,500,50,71,20,20,20,400,0,420,82.83512842,287.12219053,594.44213638,1.00436305,160.55589587,461.09802163,616.14575443,1.76131694,1.58359116,500,163.23863706,107
formalfull,weight_sensitivity,GTO,GTO,W0_equal,default_4_to_1,NONE,500,50,71,20,20,20,400,0,420,82.83512842,287.12219053,594.44213638,1.00436305,170.67910448,481.95324361,615.72312171,1.87584854,1.66063306,500,173.79470149,138
formalfull,weight_sensitivity,WOA,WOA,W0_equal,default_4_to_1,NONE,500,50,71,20,20,20,400,0,420,82.83512842,287.12219053,594.44213638,1.00436305,168.38805970,479.03450825,619.06081598,1.82390633,1.63965178,500,171.50179104,136
formalfull,weight_sensitivity,HHO,HHO,W0_equal,default_4_to_1,NONE,500,50,71,20,20,20,400,0,420,82.83512842,287.12219053,594.44213638,1.00436305,160.77355072,463.20294499,619.11841077,1.74099483,1.58227256,500,163.45483986,109
formalfull,weight_sensitivity,GWO,GWO,W0_equal,default_4_to_1,NONE,500,50,71,20,20,20,400,0,420,82.83512842,287.12219053,594.44213638,1.00436305,166.89855072,475.03756537,617.45197745,1.82046214,1.63014228,500,169.72594203,124
formalfull,weight_sensitivity,DBO,DBO,W0_equal,default_4_to_1,NONE,500,50,71,20,20,20,400,0,420,82.83512842,287.12219053,594.44213638,1.00436305,162.39349112,464.19611366,614.83133787,1.79181024,1.59887206,500,164.65670750,125
formalfull,weight_sensitivity,PSO,PSO,W0_equal,default_4_to_1,NONE,500,50,71,20,20,20,400,0,420,82.83512842,287.12219053,594.44213638,1.00436305,161.59571210,462.82904270,615.36228150,1.77883935,1.59226866,500,164.06865237,96
formalfull,weight_sensitivity,AOA,AOA,W0_equal,default_4_to_1,NONE,500,50,71,20,20,20,400,0,420,82.83512842,287.12219053,594.44213638,1.00436305,167.27127004,476.64775733,618.95262555,1.81265943,1.63135808,500,169.26906289,91
formalfull,weight_sensitivity,LSCBO,LSCBO,W0_equal,default_4_to_1,LEVY,800,50,71,20,20,20,400,20,440,136.04806313,471.88334019,978.11490062,1.00268383,197.32771822,612.36270791,1001.17905590,1.36173004,1.28244781,800,201.40432655,234
formalfull,weight_sensitivity,CBO,CBO,W0_equal,default_4_to_1,NONE,800,50,71,20,20,20,400,0,420,136.04806313,471.88334019,978.11490062,1.00268383,274.72041420,782.13830645,1016.55252336,1.81863039,1.63245799,800,279.46447761,223
formalfull,weight_sensitivity,GTO,GTO,W0_equal,default_4_to_1,NONE,800,50,71,20,20,20,400,0,420,136.04806313,471.88334019,978.11490062,1.00268383,272.24861878,777.00102998,1016.57465852,1.80216164,1.62109366,800,276.95898711,216
formalfull,weight_sensitivity,WOA,WOA,W0_equal,default_4_to_1,NONE,800,50,71,20,20,20,400,0,420,136.04806313,471.88334019,978.11490062,1.00268383,277.54850746,789.46232311,1019.13040361,1.82489515,1.64375595,800,282.54656716,197
formalfull,weight_sensitivity,HHO,HHO,W0_equal,default_4_to_1,NONE,800,50,71,20,20,20,400,0,420,136.04806313,471.88334019,978.11490062,1.00268383,268.60405157,771.77767112,1020.83973965,1.75818086,1.60175352,800,273.38992634,164
formalfull,weight_sensitivity,GWO,GWO,W0_equal,default_4_to_1,NONE,800,50,71,20,20,20,400,0,420,136.04806313,471.88334019,978.11490062,1.00268383,275.09954058,783.56919764,1017.70640358,1.81559274,1.63345029,800,279.54185299,209
formalfull,weight_sensitivity,DBO,DBO,W0_equal,default_4_to_1,NONE,800,50,71,20,20,20,400,0,420,136.04806313,471.88334019,978.11490062,1.00268383,270.12137681,773.22844347,1017.76116019,1.78248036,1.61058210,800,274.52050725,189
formalfull,weight_sensitivity,PSO,PSO,W0_equal,default_4_to_1,NONE,800,50,71,20,20,20,400,0,420,136.04806313,471.88334019,978.11490062,1.00268383,283.53038674,799.51667441,1014.79618866,1.88572178,1.67413304,800,288.25180479,153
formalfull,weight_sensitivity,AOA,AOA,W0_equal,default_4_to_1,NONE,800,50,71,20,20,20,400,0,420,136.04806313,471.88334019,978.11490062,1.00268383,279.52238806,792.45253343,1017.11072995,1.84768803,1.65413407,800,284.88238806,178
formalfull,weight_sensitivity,LSCBO,LSCBO,W0_equal,default_4_to_1,LEVY,1000,50,71,20,20,20,400,20,440,170.24018945,590.29667370,1222.95875225,1.00345922,252.42537313,779.25764007,1254.89405287,1.38370287,1.30197950,1000,258.05776119,271
formalfull,weight_sensitivity,CBO,CBO,W0_equal,default_4_to_1,NONE,1000,50,71,20,20,20,400,0,420,170.24018945,590.29667370,1222.95875225,1.00345922,350.48880597,992.25793477,1270.55671020,1.85746014,1.65742879,1000,356.77044776,238
formalfull,weight_sensitivity,GTO,GTO,W0_equal,default_4_to_1,NONE,1000,50,71,20,20,20,400,0,420,170.24018945,590.29667370,1222.95875225,1.00345922,339.98162328,970.31062220,1270.45348267,1.80217035,1.61890792,1000,345.58320061,244
formalfull,weight_sensitivity,WOA,WOA,W0_equal,default_4_to_1,NONE,1000,50,71,20,20,20,400,0,420,170.24018945,590.29667370,1222.95875225,1.00345922,354.54664179,1002.76359041,1274.25000601,1.86436858,1.67031324,1000,361.05589552,238
formalfull,weight_sensitivity,HHO,HHO,W0_equal,default_4_to_1,NONE,1000,50,71,20,20,20,400,0,420,170.24018945,590.29667370,1222.95875225,1.00345922,353.06521739,999.54942733,1274.01985398,1.85747777,1.66501268,1000,358.62630435,189
formalfull,weight_sensitivity,GWO,GWO,W0_equal,default_4_to_1,NONE,1000,50,71,20,20,20,400,0,420,170.24018945,590.29667370,1222.95875225,1.00345922,346.24100156,986.16425519,1275.51735348,1.81585317,1.63925824,1000,350.57948357,258
formalfull,weight_sensitivity,DBO,DBO,W0_equal,default_4_to_1,NONE,1000,50,71,20,20,20,400,0,420,170.24018945,590.29667370,1222.95875225,1.00345922,348.84514925,989.94418501,1272.55567332,1.84094835,1.65033006,1000,355.16597015,205
formalfull,weight_sensitivity,PSO,PSO,W0_equal,default_4_to_1,NONE,1000,50,71,20,20,20,400,0,420,170.24018945,590.29667370,1222.95875225,1.00345922,352.53591160,1000.01770296,1276.84764682,1.84372145,1.66158455,1000,358.18431269,214
formalfull,weight_sensitivity,AOA,AOA,W0_equal,default_4_to_1,NONE,1000,50,71,20,20,20,400,0,420,170.24018945,590.29667370,1222.95875225,1.00345922,347.82246377,988.36231142,1273.54337143,1.83173232,1.64606413,1000,353.61543478,200
formalfull,weight_sensitivity,LSCBO,LSCBO,W1_makespan_priority,default_4_to_1,LEVY,100,50,71,20,20,20,400,20,440,16.05374078,54.28367260,108.63480775,1.06999023,21.71361133,66.53592590,109.46434913,1.41590966,1.27740217,100,22.31009621,19
formalfull,weight_sensitivity,CBO,CBO,W1_makespan_priority,default_4_to_1,NONE,100,50,71,20,20,20,400,0,420,16.05374078,54.28367260,108.63480775,1.06999023,31.18779343,87.80068876,112.21273942,1.89766730,1.73207871,100,31.55232464,17
formalfull,weight_sensitivity,GTO,GTO,W1_makespan_priority,default_4_to_1,NONE,100,50,71,20,20,20,400,0,420,16.05374078,54.28367260,108.63480775,1.06999023,30.14900315,84.76958770,110.65222105,1.90688564,1.68725169,100,30.68607555,16
formalfull,weight_sensitivity,WOA,WOA,W1_makespan_priority,default_4_to_1,NONE,100,50,71,20,20,20,400,0,420,16.05374078,54.28367260,108.63480775,1.06999023,32.99813433,91.42886782,111.95468334,2.02051042,1.82099131,100,33.63754977,18
formalfull,weight_sensitivity,HHO,HHO,W1_makespan_priority,default_4_to_1,NONE,100,50,71,20,20,20,400,0,420,16.05374078,54.28367260,108.63480775,1.06999023,30.82533438,86.84883455,111.85862325,1.89191880,1.71573584,100,31.31928403,12
formalfull,weight_sensitivity,GWO,GWO,W1_makespan_priority,default_4_to_1,NONE,100,50,71,20,20,20,400,0,420,16.05374078,54.28367260,108.63480775,1.06999023,31.49858890,88.43464449,112.18837671,1.91771522,1.74725517,100,31.92736571,17
formalfull,weight_sensitivity,DBO,DBO,W1_makespan_priority,default_4_to_1,NONE,100,50,71,20,20,20,400,0,420,16.05374078,54.28367260,108.63480775,1.06999023,31.67873303,89.04799461,112.61686642,1.90876486,1.75445865,100,32.07523936,16
formalfull,weight_sensitivity,PSO,PSO,W1_makespan_priority,default_4_to_1,NONE,100,50,71,20,20,20,400,0,420,16.05374078,54.28367260,108.63480775,1.06999023,32.90795455,91.65143872,112.69348515,1.97917535,1.81374220,100,33.33750000,14
formalfull,weight_sensitivity,AOA,AOA,W1_makespan_priority,default_4_to_1,NONE,100,50,71,20,20,20,400,0,420,16.05374078,54.28367260,108.63480775,1.06999023,33.06499430,91.91619628,112.58114969,1.99400890,1.82177835,100,33.48628278,17
formalfull,weight_sensitivity,LSCBO,LSCBO,W1_makespan_priority,default_4_to_1,LEVY,300,50,71,20,20,20,400,16,436,47.37709030,163.71086089,337.77481097,1.01219723,73.88562753,223.79724516,346.52328805,1.46873636,1.43433208,300,75.50024366,67
formalfull,weight_sensitivity,CBO,CBO,W1_makespan_priority,default_4_to_1,NONE,300,50,71,20,20,20,400,0,420,47.37709030,163.71086089,337.77481097,1.01219723,87.14397496,251.80017703,347.20976255,1.72288831,1.65187398,300,88.53097027,61
formalfull,weight_sensitivity,GTO,GTO,W1_makespan_priority,default_4_to_1,NONE,300,50,71,20,20,20,400,0,420,47.37709030,163.71086089,337.77481097,1.01219723,88.71682464,257.28440032,351.18317817,1.70054862,1.67361204,300,90.23169586,55
formalfull,weight_sensitivity,WOA,WOA,W1_makespan_priority,default_4_to_1,NONE,300,50,71,20,20,20,400,0,420,47.37709030,163.71086089,337.77481097,1.01219723,94.68139963,269.15133679,350.17650761,1.82899627,1.77231572,300,96.33099448,58
formalfull,weight_sensitivity,HHO,HHO,W1_makespan_priority,default_4_to_1,NONE,300,50,71,20,20,20,400,0,420,47.37709030,163.71086089,337.77481097,1.01219723,96.25565611,271.86343747,349.15482704,1.87420263,1.79932173,300,97.48018100,41
formalfull,weight_sensitivity,GWO,GWO,W1_makespan_priority,default_4_to_1,NONE,300,50,71,20,20,20,400,0,420,47.37709030,163.71086089,337.77481097,1.01219723,91.35189573,261.28846139,348.50897149,1.78771363,1.71960089,300,92.79819905,60
formalfull,weight_sensitivity,DBO,DBO,W1_makespan_priority,default_4_to_1,NONE,300,50,71,20,20,20,400,0,420,47.37709030,163.71086089,337.77481097,1.01219723,89.94180704,259.24351610,350.11590257,1.73825379,1.69474155,300,91.58461273,51
formalfull,weight_sensitivity,PSO,PSO,W1_makespan_priority,default_4_to_1,NONE,300,50,71,20,20,20,400,0,420,47.37709030,163.71086089,337.77481097,1.01219723,92.24852071,263.94433836,349.92720638,1.78543879,1.73273595,300,93.51532544,56
formalfull,weight_sensitivity,AOA,AOA,W1_makespan_priority,default_4_to_1,NONE,300,50,71,20,20,20,400,0,420,47.37709030,163.71086089,337.77481097,1.01219723,93.80978261,266.97713548,349.53150908,1.82123573,1.75876853,300,95.49586957,52
formalfull,weight_sensitivity,LSCBO,LSCBO,W1_makespan_priority,default_4_to_1,LEVY,500,50,71,20,20,20,400,20,440,82.83512842,287.12219053,594.44213638,1.00436305,122.16369360,376.16594965,607.23878337,1.39465914,1.36916759,500,124.55071354,122
formalfull,weight_sensitivity,CBO,CBO,W1_makespan_priority,default_4_to_1,NONE,500,50,71,20,20,20,400,0,420,82.83512842,287.12219053,594.44213638,1.00436305,160.55589587,461.09802163,616.14575443,1.76131694,1.72545812,500,163.23863706,104
formalfull,weight_sensitivity,GTO,GTO,W1_makespan_priority,default_4_to_1,NONE,500,50,71,20,20,20,400,0,420,82.83512842,287.12219053,594.44213638,1.00436305,170.67910448,481.95324361,615.72312171,1.87584854,1.82056690,500,173.79470149,109
formalfull,weight_sensitivity,WOA,WOA,W1_makespan_priority,default_4_to_1,NONE,500,50,71,20,20,20,400,0,420,82.83512842,287.12219053,594.44213638,1.00436305,168.38805970,479.03450825,619.06081598,1.82390633,1.79691498,500,171.50179104,100
formalfull,weight_sensitivity,HHO,HHO,W1_makespan_priority,default_4_to_1,NONE,500,50,71,20,20,20,400,0,420,82.83512842,287.12219053,594.44213638,1.00436305,160.77355072,463.20294499,619.11841077,1.74099483,1.72571798,500,163.45483986,80
formalfull,weight_sensitivity,GWO,GWO,W1_makespan_priority,default_4_to_1,NONE,500,50,71,20,20,20,400,0,420,82.83512842,287.12219053,594.44213638,1.00436305,173.48507463,489.21822687,618.27770352,1.88551240,1.84508100,500,176.69582090,112
formalfull,weight_sensitivity,DBO,DBO,W1_makespan_priority,default_4_to_1,NONE,500,50,71,20,20,20,400,0,420,82.83512842,287.12219053,594.44213638,1.00436305,162.39349112,464.19611366,614.83133787,1.79181024,1.74350016,500,164.65670750,90
formalfull,weight_sensitivity,PSO,PSO,W1_makespan_priority,default_4_to_1,NONE,500,50,71,20,20,20,400,0,420,82.83512842,287.12219053,594.44213638,1.00436305,161.59571210,462.82904270,615.36228150,1.77883935,1.73568575,500,164.06865237,72
formalfull,weight_sensitivity,AOA,AOA,W1_makespan_priority,default_4_to_1,NONE,500,50,71,20,20,20,400,0,420,82.83512842,287.12219053,594.44213638,1.00436305,167.27127004,476.64775733,618.95262555,1.81265943,1.78654593,500,169.26906289,100
formalfull,weight_sensitivity,LSCBO,LSCBO,W1_makespan_priority,default_4_to_1,LEVY,800,50,71,20,20,20,400,20,440,136.04806313,471.88334019,978.11490062,1.00268383,197.32771822,612.36270791,1001.17905590,1.36173004,1.34963929,800,201.40432655,197
formalfull,weight_sensitivity,CBO,CBO,W1_makespan_priority,default_4_to_1,NONE,800,50,71,20,20,20,400,0,420,136.04806313,471.88334019,978.11490062,1.00268383,274.72041420,782.13830645,1016.55252336,1.81863039,1.78719056,800,279.46447761,180
formalfull,weight_sensitivity,GTO,GTO,W1_makespan_priority,default_4_to_1,NONE,800,50,71,20,20,20,400,0,420,136.04806313,471.88334019,978.11490062,1.00268383,287.14701378,807.20592962,1015.07449663,1.90836253,1.85859294,800,291.58626340,165
formalfull,weight_sensitivity,WOA,WOA,W1_makespan_priority,default_4_to_1,NONE,800,50,71,20,20,20,400,0,420,136.04806313,471.88334019,978.11490062,1.00268383,277.54850746,789.46232311,1019.13040361,1.82489515,1.80228432,800,282.54656716,181
formalfull,weight_sensitivity,HHO,HHO,W1_makespan_priority,default_4_to_1,NONE,800,50,71,20,20,20,400,0,420,136.04806313,471.88334019,978.11490062,1.00268383,268.60405157,771.77767112,1020.83973965,1.75818086,1.75078494,800,273.38992634,147
formalfull,weight_sensitivity,GWO,GWO,W1_makespan_priority,default_4_to_1,NONE,800,50,71,20,20,20,400,0,420,136.04806313,471.88334019,978.11490062,1.00268383,275.09954058,783.56919764,1017.70640358,1.81559274,1.78890063,800,279.54185299,198
formalfull,weight_sensitivity,DBO,DBO,W1_makespan_priority,default_4_to_1,NONE,800,50,71,20,20,20,400,0,420,136.04806313,471.88334019,978.11490062,1.00268383,270.12137681,773.22844347,1017.76116019,1.78248036,1.76054322,800,274.52050725,157
formalfull,weight_sensitivity,PSO,PSO,W1_makespan_priority,default_4_to_1,NONE,800,50,71,20,20,20,400,0,420,136.04806313,471.88334019,978.11490062,1.00268383,283.53038674,799.51667441,1014.79618866,1.88572178,1.83809812,800,288.25180479,148
formalfull,weight_sensitivity,AOA,AOA,W1_makespan_priority,default_4_to_1,NONE,800,50,71,20,20,20,400,0,420,136.04806313,471.88334019,978.11490062,1.00268383,279.52238806,792.45253343,1017.11072995,1.84768803,1.81431467,800,284.88238806,126
formalfull,weight_sensitivity,LSCBO,LSCBO,W1_makespan_priority,default_4_to_1,LEVY,1000,50,71,20,20,20,400,20,440,170.24018945,590.29667370,1222.95875225,1.00345922,252.42537313,779.25764007,1254.89405287,1.38370287,1.37429177,1000,258.05776119,235
formalfull,weight_sensitivity,CBO,CBO,W1_makespan_priority,default_4_to_1,NONE,1000,50,71,20,20,20,400,0,420,170.24018945,590.29667370,1222.95875225,1.00345922,350.48880597,992.25793477,1270.55671020,1.85746014,1.81797329,1000,356.77044776,226
formalfull,weight_sensitivity,GTO,GTO,W1_makespan_priority,default_4_to_1,NONE,1000,50,71,20,20,20,400,0,420,170.24018945,590.29667370,1222.95875225,1.00345922,339.98162328,970.31062220,1270.45348267,1.80217035,1.77017286,1000,345.58320061,224
formalfull,weight_sensitivity,WOA,WOA,W1_makespan_priority,default_4_to_1,NONE,1000,50,71,20,20,20,400,0,420,170.24018945,590.29667370,1222.95875225,1.00345922,354.54664179,1002.76359041,1274.25000601,1.86436858,1.83523833,1000,361.05589552,204
formalfull,weight_sensitivity,HHO,HHO,W1_makespan_priority,default_4_to_1,NONE,1000,50,71,20,20,20,400,0,420,170.24018945,590.29667370,1222.95875225,1.00345922,347.72928177,986.39670614,1270.35471443,1.84362514,1.80547575,1000,353.59250460,168
formalfull,weight_sensitivity,GWO,GWO,W1_makespan_priority,default_4_to_1,NONE,1000,50,71,20,20,20,400,0,420,170.24018945,590.29667370,1222.95875225,1.00345922,327.47947761,945.13694524,1272.02391040,1.73013812,1.71280997,1000,333.85440299,263
formalfull,weight_sensitivity,DBO,DBO,W1_makespan_priority,default_4_to_1,NONE,1000,50,71,20,20,20,400,0,420,170.24018945,590.29667370,1222.95875225,1.00345922,348.84514925,989.94418501,1272.55567332,1.84094835,1.80985208,1000,355.16597015,177
formalfull,weight_sensitivity,PSO,PSO,W1_makespan_priority,default_4_to_1,NONE,1000,50,71,20,20,20,400,0,420,170.24018945,590.29667370,1222.95875225,1.00345922,352.53591160,1000.01770296,1276.84764682,1.84372145,1.82527667,1000,358.18431269,184
formalfull,weight_sensitivity,AOA,AOA,W1_makespan_priority,default_4_to_1,NONE,1000,50,71,20,20,20,400,0,420,170.24018945,590.29667370,1222.95875225,1.00345922,347.82246377,988.36231142,1273.54337143,1.83173232,1.80488960,1000,353.61543478,194
formalfull,weight_sensitivity,LSCBO,LSCBO,W2_energy_priority,default_4_to_1,LEVY,100,50,71,20,20,20,400,20,440,16.05374078,54.28367260,108.63480775,1.06999023,21.80965710,66.61276674,109.24249100,1.43045039,1.23007030,100,22.12857923,20
formalfull,weight_sensitivity,CBO,CBO,W2_energy_priority,default_4_to_1,NONE,100,50,71,20,20,20,400,0,420,16.05374078,54.28367260,108.63480775,1.06999023,28.91109363,82.38572947,111.00343694,1.81248448,1.51222256,100,29.35062443,15
formalfull,weight_sensitivity,GTO,GTO,W2_energy_priority,default_4_to_1,NONE,100,50,71,20,20,20,400,0,420,16.05374078,54.28367260,108.63480775,1.06999023,29.35634328,83.42251370,111.19996235,1.83137255,1.52980670,100,30.04179344,15
formalfull,weight_sensitivity,WOA,WOA,W2_energy_priority,default_4_to_1,NONE,100,50,71,20,20,20,400,0,420,16.05374078,54.28367260,108.63480775,1.06999023,32.99813433,91.42886782,111.95468334,2.02051042,1.67251126,100,33.63754977,14
formalfull,weight_sensitivity,HHO,HHO,W2_energy_priority,default_4_to_1,NONE,100,50,71,20,20,20,400,0,420,16.05374078,54.28367260,108.63480775,1.06999023,30.82533438,86.70449124,111.59880530,1.90406402,1.58752645,100,31.24532651,11
formalfull,weight_sensitivity,GWO,GWO,W2_energy_priority,default_4_to_1,NONE,100,50,71,20,20,20,400,0,420,16.05374078,54.28367260,108.63480775,1.06999023,31.49858890,88.43464449,112.18837671,1.91771522,1.61407473,100,31.92736571,17
formalfull,weight_sensitivity,DBO,DBO,W2_energy_priority,default_4_to_1,NONE,100,50,71,20,20,20,400,0,420,16.05374078,54.28367260,108.63480775,1.06999023,31.67873303,89.04799461,112.61686642,1.90876486,1.62130928,100,32.07523936,19
formalfull,weight_sensitivity,PSO,PSO,W2_energy_priority,default_4_to_1,NONE,100,50,71,20,20,20,400,0,420,16.05374078,54.28367260,108.63480775,1.06999023,32.90532544,91.32273904,112.11168486,2.00710960,1.66890694,100,33.30167643,15
formalfull,weight_sensitivity,AOA,AOA,W2_energy_priority,default_4_to_1,NONE,100,50,71,20,20,20,400,0,420,16.05374078,54.28367260,108.63480775,1.06999023,33.06499430,91.91619628,112.58114969,1.99400890,1.67522337,100,33.48628278,16
formalfull,weight_sensitivity,LSCBO,LSCBO,W2_energy_priority,default_4_to_1,LEVY,300,50,71,20,20,20,400,20,440,47.37709030,163.71086089,337.77481097,1.01219723,59.19230769,188.99036632,338.97085553,1.25183051,1.15837956,300,60.36093645,64
formalfull,weight_sensitivity,CBO,CBO,W2_energy_priority,default_4_to_1,NONE,300,50,71,20,20,20,400,0,420,47.37709030,163.71086089,337.77481097,1.01219723,87.14397496,251.80017703,347.20976255,1.72288831,1.53135763,300,88.53097027,55
formalfull,weight_sensitivity,GTO,GTO,W2_energy_priority,default_4_to_1,NONE,300,50,71,20,20,20,400,0,420,47.37709030,163.71086089,337.77481097,1.01219723,95.09004739,270.22297571,350.57302855,1.83127942,1.63596480,300,96.56734597,53
formalfull,weight_sensitivity,WOA,WOA,W2_energy_priority,default_4_to_1,NONE,300,50,71,20,20,20,400,0,420,47.37709030,163.71086089,337.77481097,1.01219723,94.68139963,269.15133679,350.17650761,1.82899627,1.63055630,300,96.33099448,48
formalfull,weight_sensitivity,HHO,HHO,W2_energy_priority,default_4_to_1,NONE,300,50,71,20,20,20,400,0,420,47.37709030,163.71086089,337.77481097,1.01219723,96.25565611,271.86343747,349.15482704,1.87420263,1.65089758,300,97.48018100,40
formalfull,weight_sensitivity,GWO,GWO,W2_energy_priority,default_4_to_1,NONE,300,50,71,20,20,20,400,0,420,47.37709030,163.71086089,337.77481097,1.01219723,91.35189573,261.28846139,348.50897149,1.78771363,1.58674052,300,92.79819905,60
formalfull,weight_sensitivity,DBO,DBO,W2_energy_priority,default_4_to_1,NONE,300,50,71,20,20,20,400,0,420,47.37709030,163.71086089,337.77481097,1.01219723,89.94180704,259.24351610,350.11590257,1.73825379,1.56878993,300,91.58461273,55
formalfull,weight_sensitivity,PSO,PSO,W2_energy_priority,default_4_to_1,NONE,300,50,71,20,20,20,400,0,420,47.37709030,163.71086089,337.77481097,1.01219723,96.84141791,274.07847436,350.94528668,1.85967510,1.65883600,300,98.74805970,58
formalfull,weight_sensitivity,AOA,AOA,W2_energy_priority,default_4_to_1,NONE,300,50,71,20,20,20,400,0,420,47.37709030,163.71086089,337.77481097,1.01219723,93.80978261,266.97713548,349.53150908,1.82123573,1.61905579,300,95.49586957,44
formalfull,weight_sensitivity,LSCBO,LSCBO,W2_energy_priority,default_4_to_1,LEVY,500,50,71,20,20,20,400,20,440,82.83512842,287.12219053,594.44213638,1.00436305,111.39663093,352.23772153,604.54445775,1.28758099,1.22130000,500,113.59694967,108
formalfull,weight_sensitivity,CBO,CBO,W2_energy_priority,default_4_to_1,NONE,500,50,71,20,20,20,400,0,420,82.83512842,287.12219053,594.44213638,1.00436305,160.55589587,461.09802163,616.14575443,1.76131694,1.59252653,500,163.23863706,100
formalfull,weight_sensitivity,GTO,GTO,W2_energy_priority,default_4_to_1,NONE,500,50,71,20,20,20,400,0,420,82.83512842,287.12219053,594.44213638,1.00436305,173.95580110,489.69874953,617.37742002,1.89805721,1.69231060,500,176.63854512,106
formalfull,weight_sensitivity,WOA,WOA,W2_energy_priority,default_4_to_1,NONE,500,50,71,20,20,20,400,0,420,82.83512842,287.12219053,594.44213638,1.00436305,168.38805970,479.03450825,619.06081598,1.82390633,1.65115085,500,171.50179104,92
formalfull,weight_sensitivity,HHO,HHO,W2_energy_priority,default_4_to_1,NONE,500,50,71,20,20,20,400,0,420,82.83512842,287.12219053,594.44213638,1.00436305,160.77355072,462.96714378,618.69396859,1.74420153,1.59458794,500,163.70239130,72
formalfull,weight_sensitivity,GWO,GWO,W2_energy_priority,default_4_to_1,NONE,500,50,71,20,20,20,400,0,420,82.83512842,287.12219053,594.44213638,1.00436305,173.48507463,489.21822687,618.27770352,1.88551240,1.68889135,500,176.69582090,95
formalfull,weight_sensitivity,DBO,DBO,W2_energy_priority,default_4_to_1,NONE,500,50,71,20,20,20,400,0,420,82.83512842,287.12219053,594.44213638,1.00436305,162.39349112,464.19611366,614.83133787,1.79181024,1.60601113,500,164.65670750,80
formalfull,weight_sensitivity,PSO,PSO,W2_energy_priority,default_4_to_1,NONE,500,50,71,20,20,20,400,0,420,82.83512842,287.12219053,594.44213638,1.00436305,161.59571210,462.82904270,615.36228150,1.77883935,1.60014458,500,164.06865237,85
formalfull,weight_sensitivity,AOA,AOA,W2_energy_priority,default_4_to_1,NONE,500,50,71,20,20,20,400,0,420,82.83512842,287.12219053,594.44213638,1.00436305,167.27127004,476.64775733,618.95262555,1.81265943,1.64284957,500,169.26906289,97
formalfull,weight_sensitivity,LSCBO,LSCBO,W2_energy_priority,default_4_to_1,LEVY,800,50,71,20,20,20,400,20,440,136.04806313,471.88334019,978.11490062,1.00268383,197.32771822,612.36270791,1001.17905590,1.36173004,1.28854843,800,201.40432655,218
formalfull,weight_sensitivity,CBO,CBO,W2_energy_priority,default_4_to_1,NONE,800,50,71,20,20,20,400,0,420,136.04806313,471.88334019,978.11490062,1.00268383,272.69216418,778.21811434,1017.10211514,1.80258021,1.63334554,800,277.75171642,175
formalfull,weight_sensitivity,GTO,GTO,W2_energy_priority,default_4_to_1,NONE,800,50,71,20,20,20,400,0,420,136.04806313,471.88334019,978.11490062,1.00268383,278.23020258,792.07490479,1021.27669395,1.81910885,1.65871504,800,282.84112339,150
formalfull,weight_sensitivity,WOA,WOA,W2_energy_priority,default_4_to_1,NONE,800,50,71,20,20,20,400,0,420,136.04806313,471.88334019,978.11490062,1.00268383,277.54850746,789.46232311,1019.13040361,1.82489515,1.65545484,800,282.54656716,141
formalfull,weight_sensitivity,HHO,HHO,W2_energy_priority,default_4_to_1,NONE,800,50,71,20,20,20,400,0,420,136.04806313,471.88334019,978.11490062,1.00268383,268.60405157,771.77767112,1020.83973965,1.75818086,1.61526268,800,273.38992634,133
formalfull,weight_sensitivity,GWO,GWO,W2_energy_priority,default_4_to_1,NONE,800,50,71,20,20,20,400,0,420,136.04806313,471.88334019,978.11490062,1.00268383,275.09954058,783.56919764,1017.70640358,1.81559274,1.64427603,800,279.54185299,158
formalfull,weight_sensitivity,DBO,DBO,W2_energy_priority,default_4_to_1,NONE,800,50,71,20,20,20,400,0,420,136.04806313,471.88334019,978.11490062,1.00268383,270.12137681,773.22844347,1017.76116019,1.78248036,1.62178960,800,274.52050725,143
formalfull,weight_sensitivity,PSO,PSO,W2_energy_priority,default_4_to_1,NONE,800,50,71,20,20,20,400,0,420,136.04806313,471.88334019,978.11490062,1.00268383,283.53038674,799.51667441,1014.79618866,1.88572178,1.68220383,800,288.25180479,129
formalfull,weight_sensitivity,AOA,AOA,W2_energy_priority,default_4_to_1,NONE,800,50,71,20,20,20,400,0,420,136.04806313,471.88334019,978.11490062,1.00268383,293.54616588,822.48270012,1018.57586315,1.93289959,1.72765199,800,296.99262911,130
formalfull,weight_sensitivity,LSCBO,LSCBO,W2_energy_priority,default_4_to_1,LEVY,1000,50,71,20,20,20,400,20,440,170.24018945,590.29667370,1222.95875225,1.00345922,269.67536890,817.28378768,1258.65363446,1.46617464,1.37265109,1000,274.17420290,240
formalfull,weight_sensitivity,CBO,CBO,W2_energy_priority,default_4_to_1,NONE,1000,50,71,20,20,20,400,0,420,170.24018945,590.29667370,1222.95875225,1.00345922,350.48880597,992.25793477,1270.55671020,1.85746014,1.66683642,1000,356.77044776,204
formalfull,weight_sensitivity,GTO,GTO,W2_energy_priority,default_4_to_1,NONE,1000,50,71,20,20,20,400,0,420,170.24018945,590.29667370,1222.95875225,1.00345922,339.98162328,970.31062220,1270.45348267,1.80217035,1.62885184,1000,345.58320061,215
formalfull,weight_sensitivity,WOA,WOA,W2_energy_priority,default_4_to_1,NONE,1000,50,71,20,20,20,400,0,420,170.24018945,590.29667370,1222.95875225,1.00345922,354.54664179,1002.76359041,1274.25000601,1.86436858,1.68168599,1000,361.05589552,204
formalfull,weight_sensitivity,HHO,HHO,W2_energy_priority,default_4_to_1,NONE,1000,50,71,20,20,20,400,0,420,170.24018945,590.29667370,1222.95875225,1.00345922,341.51330203,974.34099576,1271.96435974,1.80450865,1.63449151,1000,345.89090767,212
formalfull,weight_sensitivity,GWO,GWO,W2_energy_priority,default_4_to_1,NONE,1000,50,71,20,20,20,400,0,420,170.24018945,590.29667370,1222.95875225,1.00345922,363.27536232,1021.29362266,1274.87136210,1.90777482,1.71320671,1000,368.90166667,237
formalfull,weight_sensitivity,DBO,DBO,W2_energy_priority,default_4_to_1,NONE,1000,50,71,20,20,20,400,0,420,170.24018945,590.29667370,1222.95875225,1.00345922,341.14201183,975.35535916,1275.18255212,1.79036909,1.63339058,1000,345.82153846,207
formalfull,weight_sensitivity,PSO,PSO,W2_energy_priority,default_4_to_1,NONE,1000,50,71,20,20,20,400,0,420,170.24018945,590.29667370,1222.95875225,1.00345922,353.52854512,1000.75357616,1274.44984289,1.85823388,1.67802361,1000,359.42123389,161
formalfull,weight_sensitivity,AOA,AOA,W2_energy_priority,default_4_to_1,NONE,1000,50,71,20,20,20,400,0,420,170.24018945,590.29667370,1222.95875225,1.00345922,347.82246377,988.36231142,1273.54337143,1.83173232,1.65737785,1000,353.61543478,192
formalfull,weight_sensitivity,LSCBO,LSCBO,W3_cost_priority,default_4_to_1,LEVY,100,50,71,20,20,20,400,6,426,16.05374078,54.28367260,108.63480775,1.06999023,28.26686657,80.83229093,110.62309906,1.78916113,1.29836121,100,28.74637996,18
formalfull,weight_sensitivity,CBO,CBO,W3_cost_priority,default_4_to_1,NONE,100,50,71,20,20,20,400,0,420,16.05374078,54.28367260,108.63480775,1.06999023,31.18779343,87.80068876,112.21273942,1.89766730,1.36816811,100,31.55232464,15
formalfull,weight_sensitivity,GTO,GTO,W3_cost_priority,default_4_to_1,NONE,100,50,71,20,20,20,400,0,420,16.05374078,54.28367260,108.63480775,1.06999023,29.35634328,83.42251370,111.19996235,1.83137255,1.32453643,100,30.04179344,23
formalfull,weight_sensitivity,WOA,WOA,W3_cost_priority,default_4_to_1,NONE,100,50,71,20,20,20,400,0,420,16.05374078,54.28367260,108.63480775,1.06999023,32.99813433,91.42886782,111.95468334,2.02051042,1.41102351,100,33.63754977,16
formalfull,weight_sensitivity,HHO,HHO,W3_cost_priority,default_4_to_1,NONE,100,50,71,20,20,20,400,0,420,16.05374078,54.28367260,108.63480775,1.06999023,30.82533438,86.70449124,111.59880530,1.90406402,1.35954085,100,31.24532651,13
formalfull,weight_sensitivity,GWO,GWO,W3_cost_priority,default_4_to_1,NONE,100,50,71,20,20,20,400,0,420,16.05374078,54.28367260,108.63480775,1.06999023,31.49858890,88.43464449,112.18837671,1.91771522,1.37551099,100,31.92736571,15
formalfull,weight_sensitivity,DBO,DBO,W3_cost_priority,default_4_to_1,NONE,100,50,71,20,20,20,400,0,420,16.05374078,54.28367260,108.63480775,1.06999023,31.67873303,89.04799461,112.61686642,1.90876486,1.37980367,100,32.07523936,20
formalfull,weight_sensitivity,PSO,PSO,W3_cost_priority,default_4_to_1,NONE,100,50,71,20,20,20,400,0,420,16.05374078,54.28367260,108.63480775,1.06999023,32.90795455,91.65143872,112.69348515,1.97917535,1.40874167,100,33.33750000,13
formalfull,weight_sensitivity,AOA,AOA,W3_cost_priority,default_4_to_1,NONE,100,50,71,20,20,20,400,0,420,16.05374078,54.28367260,108.63480775,1.06999023,33.06499430,91.91619628,112.58114969,1.99400890,1.41245133,100,33.48628278,15
formalfull,weight_sensitivity,LSCBO,LSCBO,W3_cost_priority,default_4_to_1,LEVY,300,50,71,20,20,20,400,20,440,47.37709030,163.71086089,337.77481097,1.01219723,59.19230769,188.99036632,338.97085553,1.25183051,1.09802971,300,60.36093645,61
formalfull,weight_sensitivity,CBO,CBO,W3_cost_priority,default_4_to_1,NONE,300,50,71,20,20,20,400,0,420,47.37709030,163.71086089,337.77481097,1.01219723,87.14397496,251.80017703,347.20976255,1.72288831,1.32729925,300,88.53097027,46
formalfull,weight_sensitivity,GTO,GTO,W3_cost_priority,default_4_to_1,NONE,300,50,71,20,20,20,400,0,420,47.37709030,163.71086089,337.77481097,1.01219723,95.09004739,270.22297571,350.57302855,1.83127942,1.39087625,300,96.56734597,53
formalfull,weight_sensitivity,WOA,WOA,W3_cost_priority,default_4_to_1,NONE,300,50,71,20,20,20,400,0,420,47.37709030,163.71086089,337.77481097,1.01219723,94.68139963,269.15133679,350.17650761,1.82899627,1.38761655,300,96.33099448,51
formalfull,weight_sensitivity,HHO,HHO,W3_cost_priority,default_4_to_1,NONE,300,50,71,20,20,20,400,0,420,47.37709030,163.71086089,337.77481097,1.01219723,96.25565611,271.86343747,349.15482704,1.87420263,1.40012138,300,97.48018100,41
formalfull,weight_sensitivity,GWO,GWO,W3_cost_priority,default_4_to_1,NONE,300,50,71,20,20,20,400,0,420,47.37709030,163.71086089,337.77481097,1.01219723,91.35189573,261.28846139,348.50897149,1.78771363,1.36103766,300,92.79819905,53
formalfull,weight_sensitivity,DBO,DBO,W3_cost_priority,default_4_to_1,NONE,300,50,71,20,20,20,400,0,420,47.37709030,163.71086089,337.77481097,1.01219723,89.94180704,259.24351610,350.11590257,1.73825379,1.34998651,300,91.58461273,42
formalfull,weight_sensitivity,PSO,PSO,W3_cost_priority,default_4_to_1,NONE,300,50,71,20,20,20,400,0,420,47.37709030,163.71086089,337.77481097,1.01219723,96.84141791,274.07847436,350.94528668,1.85967510,1.40476802,300,98.74805970,35
formalfull,weight_sensitivity,AOA,AOA,W3_cost_priority,default_4_to_1,NONE,300,50,71,20,20,20,400,0,420,47.37709030,163.71086089,337.77481097,1.01219723,93.80978261,266.97713548,349.53150908,1.82123573,1.38066451,300,95.49586957,41
formalfull,weight_sensitivity,LSCBO,LSCBO,W3_cost_priority,default_4_to_1,LEVY,500,50,71,20,20,20,400,20,440,82.83512842,287.12219053,594.44213638,1.00436305,111.39663093,352.23772153,604.54445775,1.28758099,1.13738312,500,113.59694967,106
formalfull,weight_sensitivity,CBO,CBO,W3_cost_priority,default_4_to_1,NONE,500,50,71,20,20,20,400,0,420,82.83512842,287.12219053,594.44213638,1.00436305,160.55589587,461.09802163,616.14575443,1.76131694,1.36475906,500,163.23863706,86
formalfull,weight_sensitivity,GTO,GTO,W3_cost_priority,default_4_to_1,NONE,500,50,71,20,20,20,400,0,420,82.83512842,287.12219053,594.44213638,1.00436305,170.67910448,481.95324361,615.72312171,1.87584854,1.41069980,500,173.79470149,83
formalfull,weight_sensitivity,WOA,WOA,W3_cost_priority,default_4_to_1,NONE,500,50,71,20,20,20,400,0,420,82.83512842,287.12219053,594.44213638,1.00436305,168.38805970,479.03450825,619.06081598,1.82390633,1.40035697,500,171.50179104,86
formalfull,weight_sensitivity,HHO,HHO,W3_cost_priority,default_4_to_1,NONE,500,50,71,20,20,20,400,0,420,82.83512842,287.12219053,594.44213638,1.00436305,160.77355072,462.96714378,618.69396859,1.74420153,1.36593121,500,163.70239130,82
formalfull,weight_sensitivity,GWO,GWO,W3_cost_priority,default_4_to_1,NONE,500,50,71,20,20,20,400,0,420,82.83512842,287.12219053,594.44213638,1.00436305,173.48507463,489.21822687,618.27770352,1.88551240,1.42338322,500,176.69582090,101
formalfull,weight_sensitivity,DBO,DBO,W3_cost_priority,default_4_to_1,NONE,500,50,71,20,20,20,400,0,420,82.83512842,287.12219053,594.44213638,1.00436305,162.39349112,464.19611366,614.83133787,1.79181024,1.37304312,500,164.65670750,111
formalfull,weight_sensitivity,PSO,PSO,W3_cost_priority,default_4_to_1,NONE,500,50,71,20,20,20,400,0,420,82.83512842,287.12219053,594.44213638,1.00436305,161.59571210,462.82904270,615.36228150,1.77883935,1.36943836,500,164.06865237,86
formalfull,weight_sensitivity,AOA,AOA,W3_cost_priority,default_4_to_1,NONE,500,50,71,20,20,20,400,0,420,82.83512842,287.12219053,594.44213638,1.00436305,167.27127004,476.64775733,618.95262555,1.81265943,1.39530795,500,169.26906289,72
formalfull,weight_sensitivity,LSCBO,LSCBO,W3_cost_priority,default_4_to_1,LEVY,800,50,71,20,20,20,400,20,440,136.04806313,471.88334019,978.11490062,1.00268383,197.32771822,612.36270791,1001.17905590,1.36173004,1.17890077,800,201.40432655,185
formalfull,weight_sensitivity,CBO,CBO,W3_cost_priority,default_4_to_1,NONE,800,50,71,20,20,20,400,0,420,136.04806313,471.88334019,978.11490062,1.00268383,272.69216418,778.21811434,1017.10211514,1.80258021,1.38961943,800,277.75171642,148
formalfull,weight_sensitivity,GTO,GTO,W3_cost_priority,default_4_to_1,NONE,800,50,71,20,20,20,400,0,420,136.04806313,471.88334019,978.11490062,1.00268383,278.23020258,792.07490479,1021.27669395,1.81910885,1.40495019,800,282.84112339,149
formalfull,weight_sensitivity,WOA,WOA,W3_cost_priority,default_4_to_1,NONE,800,50,71,20,20,20,400,0,420,136.04806313,471.88334019,978.11490062,1.00268383,277.54850746,789.46232311,1019.13040361,1.82489515,1.40302686,800,282.54656716,158
formalfull,weight_sensitivity,HHO,HHO,W3_cost_priority,default_4_to_1,NONE,800,50,71,20,20,20,400,0,420,136.04806313,471.88334019,978.11490062,1.00268383,268.60405157,771.77767112,1020.83973965,1.75818086,1.37852443,800,273.38992634,122
formalfull,weight_sensitivity,GWO,GWO,W3_cost_priority,default_4_to_1,NONE,800,50,71,20,20,20,400,0,420,136.04806313,471.88334019,978.11490062,1.00268383,275.09954058,783.56919764,1017.70640358,1.81559274,1.39626112,800,279.54185299,166
formalfull,weight_sensitivity,DBO,DBO,W3_cost_priority,default_4_to_1,NONE,800,50,71,20,20,20,400,0,420,136.04806313,471.88334019,978.11490062,1.00268383,270.12137681,773.22844347,1017.76116019,1.78248036,1.38256259,800,274.52050725,141
formalfull,weight_sensitivity,PSO,PSO,W3_cost_priority,default_4_to_1,NONE,800,50,71,20,20,20,400,0,420,136.04806313,471.88334019,978.11490062,1.00268383,283.53038674,799.51667441,1014.79618866,1.88572178,1.41948063,800,288.25180479,143
formalfull,weight_sensitivity,AOA,AOA,W3_cost_priority,default_4_to_1,NONE,800,50,71,20,20,20,400,0,420,136.04806313,471.88334019,978.11490062,1.00268383,279.52238806,792.45253343,1017.11072995,1.84768803,1.40842778,800,284.88238806,141
formalfull,weight_sensitivity,LSCBO,LSCBO,W3_cost_priority,default_4_to_1,LEVY,1000,50,71,20,20,20,400,20,440,170.24018945,590.29667370,1222.95875225,1.00345922,252.42537313,779.25764007,1254.89405287,1.38370287,1.19163296,1000,258.05776119,257
formalfull,weight_sensitivity,CBO,CBO,W3_cost_priority,default_4_to_1,NONE,1000,50,71,20,20,20,400,0,420,170.24018945,590.29667370,1222.95875225,1.00345922,350.48880597,992.25793477,1270.55671020,1.85746014,1.41002541,1000,356.77044776,204
formalfull,weight_sensitivity,GTO,GTO,W3_cost_priority,default_4_to_1,NONE,1000,50,71,20,20,20,400,0,420,170.24018945,590.29667370,1222.95875225,1.00345922,339.98162328,970.31062220,1270.45348267,1.80217035,1.38687912,1000,345.58320061,207
formalfull,weight_sensitivity,WOA,WOA,W3_cost_priority,default_4_to_1,NONE,1000,50,71,20,20,20,400,0,420,170.24018945,590.29667370,1222.95875225,1.00345922,354.54664179,1002.76359041,1274.25000601,1.86436858,1.41896406,1000,361.05589552,203
formalfull,weight_sensitivity,HHO,HHO,W3_cost_priority,default_4_to_1,NONE,1000,50,71,20,20,20,400,0,420,170.24018945,590.29667370,1222.95875225,1.00345922,347.72928177,986.39670614,1270.35471443,1.84362514,1.40394563,1000,353.59250460,166
formalfull,weight_sensitivity,GWO,GWO,W3_cost_priority,default_4_to_1,NONE,1000,50,71,20,20,20,400,0,420,170.24018945,590.29667370,1222.95875225,1.00345922,327.47947761,945.13694524,1272.02391040,1.73013812,1.35940519,1000,333.85440299,219
formalfull,weight_sensitivity,DBO,DBO,W3_cost_priority,default_4_to_1,NONE,1000,50,71,20,20,20,400,0,420,170.24018945,590.29667370,1222.95875225,1.00345922,341.14201183,975.35535916,1275.18255212,1.79036909,1.38954617,1000,345.82153846,181
formalfull,weight_sensitivity,PSO,PSO,W3_cost_priority,default_4_to_1,NONE,1000,50,71,20,20,20,400,0,420,170.24018945,590.29667370,1222.95875225,1.00345922,353.52854512,1000.75357616,1274.44984289,1.85823388,1.41672908,1000,359.42123389,161
formalfull,weight_sensitivity,AOA,AOA,W3_cost_priority,default_4_to_1,NONE,1000,50,71,20,20,20,400,0,420,170.24018945,590.29667370,1222.95875225,1.00345922,347.82246377,988.36231142,1273.54337143,1.83173232,1.40418347,1000,353.61543478,169
formalfull,weight_sensitivity,LSCBO,LSCBO,W4_balance_priority,default_4_to_1,LEVY,100,50,71,20,20,20,400,11,431,16.05374078,54.28367260,108.63480775,1.06999023,30.02914238,85.36355649,112.17084275,1.82903254,1.61151061,100,30.39579051,20
formalfull,weight_sensitivity,CBO,CBO,W4_balance_priority,default_4_to_1,NONE,100,50,71,20,20,20,400,0,420,16.05374078,54.28367260,108.63480775,1.06999023,29.25883694,83.48085788,111.67063064,1.80410069,1.58560455,100,29.66908978,15
formalfull,weight_sensitivity,GTO,GTO,W4_balance_priority,default_4_to_1,NONE,100,50,71,20,20,20,400,0,420,16.05374078,54.28367260,108.63480775,1.06999023,31.37873134,88.23612524,112.28050790,1.90614123,1.67184541,100,32.02410448,16
formalfull,weight_sensitivity,WOA,WOA,W4_balance_priority,default_4_to_1,NONE,100,50,71,20,20,20,400,0,420,16.05374078,54.28367260,108.63480775,1.06999023,32.06639428,89.98320938,112.84652333,1.92148734,1.69176811,100,32.53287675,15
formalfull,weight_sensitivity,HHO,HHO,W4_balance_priority,default_4_to_1,NONE,100,50,71,20,20,20,400,0,420,16.05374078,54.28367260,108.63480775,1.06999023,29.35758323,83.05510118,110.53397001,1.86240108,1.61374902,100,29.72159763,12
formalfull,weight_sensitivity,GWO,GWO,W4_balance_priority,default_4_to_1,NONE,100,50,71,20,20,20,400,0,420,16.05374078,54.28367260,108.63480775,1.06999023,29.99052133,84.93700288,111.54787521,1.85483214,1.62237249,100,30.52572038,17
formalfull,weight_sensitivity,DBO,DBO,W4_balance_priority,default_4_to_1,NONE,100,50,71,20,20,20,400,0,420,16.05374078,54.28367260,108.63480775,1.06999023,34.27386541,94.62395746,112.92185313,2.05006223,1.79141199,100,34.70200313,12
formalfull,weight_sensitivity,PSO,PSO,W4_balance_priority,default_4_to_1,NONE,100,50,71,20,20,20,400,0,420,16.05374078,54.28367260,108.63480775,1.06999023,32.90795455,91.65143872,112.69348515,1.97917535,1.73368276,100,33.33750000,11
formalfull,weight_sensitivity,AOA,AOA,W4_balance_priority,default_4_to_1,NONE,100,50,71,20,20,20,400,0,420,16.05374078,54.28367260,108.63480775,1.06999023,33.06499430,91.91619628,112.58114969,1.99400890,1.74335136,100,33.48628278,11
formalfull,weight_sensitivity,LSCBO,LSCBO,W4_balance_priority,default_4_to_1,LEVY,300,50,71,20,20,20,400,16,436,47.37709030,163.71086089,337.77481097,1.01219723,71.32988166,216.87035910,343.63894016,1.45121500,1.36569827,300,72.65047337,55
formalfull,weight_sensitivity,CBO,CBO,W4_balance_priority,default_4_to_1,NONE,300,50,71,20,20,20,400,0,420,47.37709030,163.71086089,337.77481097,1.01219723,93.11467324,266.24117520,350.81344070,1.78992204,1.66713693,300,94.30975339,47
formalfull,weight_sensitivity,GTO,GTO,W4_balance_priority,default_4_to_1,NONE,300,50,71,20,20,20,400,0,420,47.37709030,163.71086089,337.77481097,1.01219723,96.76078915,273.99944013,351.10538292,1.85584454,1.72173946,300,97.93244143,50
formalfull,weight_sensitivity,WOA,WOA,W4_balance_priority,default_4_to_1,NONE,300,50,71,20,20,20,400,0,420,47.37709030,163.71086089,337.77481097,1.01219723,96.77052239,274.27409238,351.56325732,1.84953424,1.71879643,300,98.53328358,59
formalfull,weight_sensitivity,HHO,HHO,W4_balance_priority,default_4_to_1,NONE,300,50,71,20,20,20,400,0,420,47.37709030,163.71086089,337.77481097,1.01219723,86.76054732,252.81918733,350.48183475,1.67204143,1.57052099,300,88.00851767,41
formalfull,weight_sensitivity,GWO,GWO,W4_balance_priority,default_4_to_1,NONE,300,50,71,20,20,20,400,0,420,47.37709030,163.71086089,337.77481097,1.01219723,97.61007463,275.74618948,351.06471122,1.87271793,1.73517931,300,99.46074627,54
formalfull,weight_sensitivity,DBO,DBO,W4_balance_priority,default_4_to_1,NONE,300,50,71,20,20,20,400,0,420,47.37709030,163.71086089,337.77481097,1.01219723,93.44131455,267.16904616,351.25870351,1.79007237,1.66930068,300,94.88308294,47
formalfull,weight_sensitivity,PSO,PSO,W4_balance_priority,default_4_to_1,NONE,300,50,71,20,20,20,400,0,420,47.37709030,163.71086089,337.77481097,1.01219723,92.24852071,263.94433836,349.92720638,1.78543879,1.65946050,300,93.51532544,47
formalfull,weight_sensitivity,AOA,AOA,W4_balance_priority,default_4_to_1,NONE,300,50,71,20,20,20,400,0,420,47.37709030,163.71086089,337.77481097,1.01219723,93.80978261,266.97713548,349.53150908,1.82123573,1.68645773,300,95.49586957,48
formalfull,weight_sensitivity,LSCBO,LSCBO,W4_balance_priority,default_4_to_1,LEVY,500,50,71,20,20,20,400,20,440,82.83512842,287.12219053,594.44213638,1.00436305,132.52486188,399.76629562,610.86502507,1.48830024,1.41798095,500,135.08423806,101
formalfull,weight_sensitivity,CBO,CBO,W4_balance_priority,default_4_to_1,NONE,500,50,71,20,20,20,400,0,420,82.83512842,287.12219053,594.44213638,1.00436305,160.55589587,461.09802163,616.14575443,1.76131694,1.65162094,500,163.23863706,90
formalfull,weight_sensitivity,GTO,GTO,W4_balance_priority,default_4_to_1,NONE,500,50,71,20,20,20,400,0,420,82.83512842,287.12219053,594.44213638,1.00436305,170.86217458,483.40472516,617.64927561,1.86209282,1.73750276,500,173.57094946,86
formalfull,weight_sensitivity,WOA,WOA,W4_balance_priority,default_4_to_1,NONE,500,50,71,20,20,20,400,0,420,82.83512842,287.12219053,594.44213638,1.00436305,168.38805970,479.03450825,619.06081598,1.82390633,1.71018431,500,171.50179104,79
formalfull,weight_sensitivity,HHO,HHO,W4_balance_priority,default_4_to_1,NONE,500,50,71,20,20,20,400,0,420,82.83512842,287.12219053,594.44213638,1.00436305,169.25000000,479.92560500,617.43251400,1.84626758,1.72404505,500,172.26671642,66
formalfull,weight_sensitivity,GWO,GWO,W4_balance_priority,default_4_to_1,NONE,500,50,71,20,20,20,400,0,420,82.83512842,287.12219053,594.44213638,1.00436305,173.48507463,489.21822687,618.27770352,1.88551240,1.75827289,500,176.69582090,86
formalfull,weight_sensitivity,DBO,DBO,W4_balance_priority,default_4_to_1,NONE,500,50,71,20,20,20,400,0,420,82.83512842,287.12219053,594.44213638,1.00436305,168.11050725,477.44500937,617.24053969,1.83537483,1.71467226,500,171.01398551,81
formalfull,weight_sensitivity,PSO,PSO,W4_balance_priority,default_4_to_1,NONE,500,50,71,20,20,20,400,0,420,82.83512842,287.12219053,594.44213638,1.00436305,165.61982249,472.61190700,617.88102328,1.80313891,1.69014601,500,167.92505051,65
formalfull,weight_sensitivity,AOA,AOA,W4_balance_priority,default_4_to_1,NONE,500,50,71,20,20,20,400,0,420,82.83512842,287.12219053,594.44213638,1.00436305,167.27127004,476.64775733,618.95262555,1.81265943,1.70072887,500,169.26906289,83
formalfull,weight_sensitivity,LSCBO,LSCBO,W4_balance_priority,default_4_to_1,LEVY,800,50,71,20,20,20,400,20,440,136.04806313,471.88334019,978.11490062,1.00268383,265.38059701,764.19052185,1019.27082552,1.74424637,1.64859220,800,270.41037313,171
formalfull,weight_sensitivity,CBO,CBO,W4_balance_priority,default_4_to_1,NONE,800,50,71,20,20,20,400,0,420,136.04806313,471.88334019,978.11490062,1.00268383,261.34615385,754.35730624,1016.70019930,1.72941743,1.63248997,800,265.05686391,148
formalfull,weight_sensitivity,GTO,GTO,W4_balance_priority,default_4_to_1,NONE,800,50,71,20,20,20,400,0,420,136.04806313,471.88334019,978.11490062,1.00268383,281.92537313,799.11641643,1020.09452532,1.84898487,1.73551404,800,286.95514925,136
formalfull,weight_sensitivity,WOA,WOA,W4_balance_priority,default_4_to_1,NONE,800,50,71,20,20,20,400,0,420,136.04806313,471.88334019,978.11490062,1.00268383,277.54850746,789.46232311,1019.13040361,1.82489515,1.71425779,800,282.54656716,147
formalfull,weight_sensitivity,HHO,HHO,W4_balance_priority,default_4_to_1,NONE,800,50,71,20,20,20,400,0,420,136.04806313,471.88334019,978.11490062,1.00268383,268.60405157,771.77767112,1020.83973965,1.75818086,1.66244205,800,273.38992634,120
formalfull,weight_sensitivity,GWO,GWO,W4_balance_priority,default_4_to_1,NONE,800,50,71,20,20,20,400,0,420,136.04806313,471.88334019,978.11490062,1.00268383,275.09954058,783.56919764,1017.70640358,1.81559274,1.70436339,800,279.54185299,150
formalfull,weight_sensitivity,DBO,DBO,W4_balance_priority,default_4_to_1,NONE,800,50,71,20,20,20,400,0,420,136.04806313,471.88334019,978.11490062,1.00268383,270.12137681,773.22844347,1017.76116019,1.78248036,1.67743297,800,274.52050725,123
formalfull,weight_sensitivity,PSO,PSO,W4_balance_priority,default_4_to_1,NONE,800,50,71,20,20,20,400,0,420,136.04806313,471.88334019,978.11490062,1.00268383,281.40062598,798.23916616,1020.48327668,1.84366312,1.73179711,800,284.99262911,123
formalfull,weight_sensitivity,AOA,AOA,W4_balance_priority,default_4_to_1,NONE,800,50,71,20,20,20,400,0,420,136.04806313,471.88334019,978.11490062,1.00268383,277.66850829,789.85388523,1019.38521234,1.82446150,1.71431577,800,282.06580110,125
formalfull,weight_sensitivity,LSCBO,LSCBO,W4_balance_priority,default_4_to_1,LEVY,1000,50,71,20,20,20,400,20,440,170.24018945,590.29667370,1222.95875225,1.00345922,252.42537313,779.25764007,1254.89405287,1.38370287,1.33276083,1000,258.05776119,217
formalfull,weight_sensitivity,CBO,CBO,W4_balance_priority,default_4_to_1,NONE,1000,50,71,20,20,20,400,0,420,170.24018945,590.29667370,1222.95875225,1.00345922,350.48880597,992.25793477,1270.55671020,1.85746014,1.73488005,1000,356.77044776,186
formalfull,weight_sensitivity,GTO,GTO,W4_balance_priority,default_4_to_1,NONE,1000,50,71,20,20,20,400,0,420,170.24018945,590.29667370,1222.95875225,1.00345922,339.98162328,970.31062220,1270.45348267,1.80217035,1.68972784,1000,345.58320061,196
formalfull,weight_sensitivity,WOA,WOA,W4_balance_priority,default_4_to_1,NONE,1000,50,71,20,20,20,400,0,420,170.24018945,590.29667370,1222.95875225,1.00345922,362.04585799,1018.71431764,1274.83925429,1.90144621,1.77642008,1000,366.59816568,179
formalfull,weight_sensitivity,HHO,HHO,W4_balance_priority,default_4_to_1,NONE,1000,50,71,20,20,20,400,0,420,170.24018945,590.29667370,1222.95875225,1.00345922,355.66482505,1003.95242848,1272.19672734,1.87836082,1.75406926,1000,361.36414365,158
formalfull,weight_sensitivity,GWO,GWO,W4_balance_priority,default_4_to_1,NONE,1000,50,71,20,20,20,400,0,420,170.24018945,590.29667370,1222.95875225,1.00345922,357.41304348,1010.90273235,1278.15145518,1.86414382,1.75031374,1000,363.01942029,220
formalfull,weight_sensitivity,DBO,DBO,W4_balance_priority,default_4_to_1,NONE,1000,50,71,20,20,20,400,0,420,170.24018945,590.29667370,1222.95875225,1.00345922,326.56334842,942.09024893,1269.97534152,1.73279966,1.63265283,1000,330.69144796,189
formalfull,weight_sensitivity,PSO,PSO,W4_balance_priority,default_4_to_1,NONE,1000,50,71,20,20,20,400,0,420,170.24018945,590.29667370,1222.95875225,1.00345922,354.04051565,1003.26421787,1277.04910846,1.85081033,1.73795781,1000,359.92767956,145
formalfull,weight_sensitivity,AOA,AOA,W4_balance_priority,default_4_to_1,NONE,1000,50,71,20,20,20,400,0,420,170.24018945,590.29667370,1222.95875225,1.00345922,358.65258216,1011.88966852,1275.27967024,1.88188375,1.76102779,1000,363.22580595,168
formalfull,vm_heterogeneity,LSCBO,LSCBO,W0_equal,heterogeneous_20_to_1,LEVY,500,50,71,20,20,20,400,20,440,95.28945765,329.85461185,624.65676016,1.00770215,333.66871166,890.99157110,740.78108427,2.36626245,2.43421875,500,341.20202454,105
formalfull,vm_heterogeneity,CBO,CBO,W0_equal,heterogeneous_20_to_1,NONE,500,50,71,20,20,20,400,0,420,95.28945765,329.85461185,624.65676016,1.00770215,647.00943396,1590.65467264,825.14695839,3.70233321,4.15180582,500,656.77037736,97
formalfull,vm_heterogeneity,GTO,GTO,W0_equal,heterogeneous_20_to_1,NONE,500,50,71,20,20,20,400,0,420,95.28945765,329.85461185,624.65676016,1.00770215,674.46226415,1658.95860276,845.14591940,3.69049071,4.28066485,500,684.40245283,99
formalfull,vm_heterogeneity,WOA,WOA,W0_equal,heterogeneous_20_to_1,NONE,500,50,71,20,20,20,400,0,420,95.28945765,329.85461185,624.65676016,1.00770215,662.12264151,1626.94967997,833.80344328,3.71520232,4.22562213,500,671.68547170,93
formalfull,vm_heterogeneity,HHO,HHO,W0_equal,heterogeneous_20_to_1,NONE,500,50,71,20,20,20,400,0,420,95.28945765,329.85461185,624.65676016,1.00770215,679.47272727,1659.01703977,826.46186932,3.87642862,4.33250597,500,683.00696970,77
formalfull,vm_heterogeneity,GWO,GWO,W0_equal,heterogeneous_20_to_1,NONE,500,50,71,20,20,20,400,0,420,95.28945765,329.85461185,624.65676016,1.00770215,651.10377358,1604.20993434,834.19265588,3.65018627,4.16350451,500,660.72943396,95
formalfull,vm_heterogeneity,DBO,DBO,W0_equal,heterogeneous_20_to_1,NONE,500,50,71,20,20,20,400,0,420,95.28945765,329.85461185,624.65676016,1.00770215,670.85849057,1646.40683235,836.06688361,3.74519360,4.27163452,500,680.37415094,85
formalfull,vm_heterogeneity,PSO,PSO,W0_equal,heterogeneous_20_to_1,NONE,500,50,71,20,20,20,400,0,420,95.28945765,329.85461185,624.65676016,1.00770215,682.11042945,1669.37988227,835.22360265,3.81519409,4.33559530,500,690.74190184,89
formalfull,vm_heterogeneity,AOA,AOA,W0_equal,heterogeneous_20_to_1,NONE,500,50,71,20,20,20,400,0,420,95.28945765,329.85461185,624.65676016,1.00770215,687.12264151,1681.14382572,837.60290563,3.82287860,4.36051996,500,696.58169811,83
formalfull,vm_heterogeneity,LSCBO,LSCBO,W0_equal,heterogeneous_20_to_1,LEVY,1000,50,71,20,20,20,400,20,440,195.37583485,677.58787690,1285.82424773,1.00295851,945.80368098,2436.56444414,1637.87764576,2.81807165,3.13010964,1000,962.09073620,222
formalfull,vm_heterogeneity,CBO,CBO,W0_equal,heterogeneous_20_to_1,NONE,1000,50,71,20,20,20,400,0,420,195.37583485,677.58787690,1285.82424773,1.00295851,1492.18867925,3619.62167233,1718.43691302,4.05657373,4.59012674,1000,1510.74207547,215
formalfull,vm_heterogeneity,GTO,GTO,W0_equal,heterogeneous_20_to_1,NONE,1000,50,71,20,20,20,400,0,420,195.37583485,677.58787690,1285.82424773,1.00295851,1416.56617647,3466.98017002,1727.26659428,3.81436719,4.37838706,1000,1436.27882353,219
formalfull,vm_heterogeneity,WOA,WOA,W0_equal,heterogeneous_20_to_1,NONE,1000,50,71,20,20,20,400,0,420,195.37583485,677.58787690,1285.82424773,1.00295851,1495.08490566,3643.11845481,1749.87027243,3.93011157,4.57709123,1000,1513.97792453,197
formalfull,vm_heterogeneity,HHO,HHO,W0_equal,heterogeneous_20_to_1,NONE,1000,50,71,20,20,20,400,0,420,195.37583485,677.58787690,1285.82424773,1.00295851,1480.08088235,3599.06196430,1726.83367691,3.98725151,4.55140130,1000,1499.81588235,174
formalfull,vm_heterogeneity,GWO,GWO,W0_equal,heterogeneous_20_to_1,NONE,1000,50,71,20,20,20,400,0,420,195.37583485,677.58787690,1285.82424773,1.00295851,1487.78301887,3615.45905488,1727.46542803,4.00527399,4.57192180,1000,1506.44641509,204
formalfull,vm_heterogeneity,DBO,DBO,W0_equal,heterogeneous_20_to_1,NONE,1000,50,71,20,20,20,400,0,420,195.37583485,677.58787690,1285.82424773,1.00295851,1524.77941176,3712.61379559,1763.60748795,3.95109815,4.64863065,1000,1544.66147059,158
formalfull,vm_heterogeneity,PSO,PSO,W0_equal,heterogeneous_20_to_1,NONE,1000,50,71,20,20,20,400,0,420,195.37583485,677.58787690,1285.82424773,1.00295851,1301.41104294,3228.27906487,1729.43635572,3.49612022,4.06406092,1000,1318.13453988,176
formalfull,vm_heterogeneity,AOA,AOA,W0_equal,heterogeneous_20_to_1,NONE,1000,50,71,20,20,20,400,0,420,195.37583485,677.58787690,1285.82424773,1.00295851,1384.36029412,3390.01523665,1709.50177304,3.80036315,4.30183558,1000,1404.13911765,178
formalfull,vm_heterogeneity,LSCBO,LSCBO,W0_equal,heterogeneous_20_to_1,LEVY,2000,50,71,20,20,20,400,20,440,382.13723917,1326.03833467,2517.79748053,1.00156076,2734.48113208,6716.02563612,3398.48502473,3.72638141,4.32271144,2000,2770.63509434,464
formalfull,vm_heterogeneity,CBO,CBO,W0_equal,heterogeneous_20_to_1,NONE,2000,50,71,20,20,20,400,0,420,382.13723917,1326.03833467,2517.79748053,1.00156076,3128.47058824,7546.14872634,3415.24612653,4.22468740,4.86301632,2000,3167.19823529,387
formalfull,vm_heterogeneity,GTO,GTO,W0_equal,heterogeneous_20_to_1,NONE,2000,50,71,20,20,20,400,0,420,382.13723917,1326.03833467,2517.79748053,1.00156076,2930.51886792,7120.19429850,3390.84710759,4.01022563,4.59725292,2000,2967.30811321,387
formalfull,vm_heterogeneity,WOA,WOA,W0_equal,heterogeneous_20_to_1,NONE,2000,50,71,20,20,20,400,0,420,382.13723917,1326.03833467,2517.79748053,1.00156076,3008.55660377,7294.22705993,3411.46456873,4.07107129,4.69835193,2000,3045.75150943,375
formalfull,vm_heterogeneity,HHO,HHO,W0_equal,heterogeneous_20_to_1,NONE,2000,50,71,20,20,20,400,0,420,382.13723917,1326.03833467,2517.79748053,1.00156076,2988.97169811,7223.68365853,3357.92984242,4.16526453,4.69043552,2000,3026.28924528,404
formalfull,vm_heterogeneity,GWO,GWO,W0_equal,heterogeneous_20_to_1,NONE,2000,50,71,20,20,20,400,0,420,382.13723917,1326.03833467,2517.79748053,1.00156076,2992.93396226,7263.53530377,3414.80431329,4.04262348,4.67557574,2000,3029.95905660,463
formalfull,vm_heterogeneity,DBO,DBO,W0_equal,heterogeneous_20_to_1,NONE,2000,50,71,20,20,20,400,0,420,382.13723917,1326.03833467,2517.79748053,1.00156076,3052.93396226,7399.82793489,3435.13104930,4.07887140,4.75159027,2000,3089.90245283,367
formalfull,vm_heterogeneity,PSO,PSO,W0_equal,heterogeneous_20_to_1,NONE,2000,50,71,20,20,20,400,0,420,382.13723917,1326.03833467,2517.79748053,1.00156076,3035.68867925,7338.03447060,3388.57262491,4.15932204,4.74411652,2000,3072.82698113,381
formalfull,vm_heterogeneity,AOA,AOA,W0_equal,heterogeneous_20_to_1,NONE,2000,50,71,20,20,20,400,0,420,382.13723917,1326.03833467,2517.79748053,1.00156076,3273.66981132,7862.12431649,3439.50510223,4.36358522,5.05465831,2000,3310.94962264,349
formalfull,vm_heterogeneity,LSCBO,LSCBO,W0_equal,medium_5_to_1,LEVY,500,50,71,20,20,20,400,20,440,87.43977055,303.33961532,606.36609299,1.00223398,162.85598377,475.94241198,634.24032741,1.65513197,1.53222842,500,165.49599349,84
formalfull,vm_heterogeneity,CBO,CBO,W0_equal,medium_5_to_1,NONE,500,50,71,20,20,20,400,0,420,87.43977055,303.33961532,606.36609299,1.00223398,206.74036511,576.00281611,649.78262483,1.97626843,1.82667752,500,208.88687627,84
formalfull,vm_heterogeneity,GTO,GTO,W0_equal,medium_5_to_1,NONE,500,50,71,20,20,20,400,0,420,87.43977055,303.33961532,606.36609299,1.00223398,202.74696356,563.80792843,642.80708281,1.99120456,1.80605917,500,205.21728745,82
formalfull,vm_heterogeneity,WOA,WOA,W0_equal,medium_5_to_1,NONE,500,50,71,20,20,20,400,0,420,87.43977055,303.33961532,606.36609299,1.00223398,206.35372849,572.95973108,645.75495910,2.00342621,1.82817784,500,209.06130019,78
formalfull,vm_heterogeneity,HHO,HHO,W0_equal,medium_5_to_1,NONE,500,50,71,20,20,20,400,0,420,87.43977055,303.33961532,606.36609299,1.00223398,191.68623482,541.76886451,644.61450055,1.86930298,1.72660935,500,194.06141700,70
formalfull,vm_heterogeneity,GWO,GWO,W0_equal,medium_5_to_1,NONE,500,50,71,20,20,20,400,0,420,87.43977055,303.33961532,606.36609299,1.00223398,206.36909871,573.28092268,646.27546565,1.99953363,1.82773012,500,208.65077253,81
formalfull,vm_heterogeneity,DBO,DBO,W0_equal,medium_5_to_1,NONE,500,50,71,20,20,20,400,0,420,87.43977055,303.33961532,606.36609299,1.00223398,211.54587156,583.28161497,644.86381359,2.06096765,1.86551550,500,215.11688073,73
formalfull,vm_heterogeneity,PSO,PSO,W0_equal,medium_5_to_1,NONE,500,50,71,20,20,20,400,0,420,87.43977055,303.33961532,606.36609299,1.00223398,206.41873805,576.56744173,652.00505242,1.95656735,1.82222529,500,209.10718929,73
formalfull,vm_heterogeneity,AOA,AOA,W0_equal,medium_5_to_1,NONE,500,50,71,20,20,20,400,0,420,87.43977055,303.33961532,606.36609299,1.00223398,207.81891348,576.55932847,646.73979069,2.00996400,1.83737044,500,210.72529895,64
formalfull,vm_heterogeneity,LSCBO,LSCBO,W0_equal,medium_5_to_1,LEVY,1000,50,71,20,20,20,400,20,440,179.91875348,624.08314326,1247.47978233,1.00254662,311.08794788,931.04815646,1308.13232707,1.52701623,1.44816746,1000,317.35082569,197
formalfull,vm_heterogeneity,CBO,CBO,W0_equal,medium_5_to_1,NONE,1000,50,71,20,20,20,400,0,420,179.91875348,624.08314326,1247.47978233,1.00254662,417.15090543,1168.02682090,1336.95783224,1.93795671,1.79872528,1000,423.13951710,172
formalfull,vm_heterogeneity,GTO,GTO,W0_equal,medium_5_to_1,NONE,1000,50,71,20,20,20,400,0,420,179.91875348,624.08314326,1247.47978233,1.00254662,436.70422535,1211.08142558,1341.13117098,2.01318283,1.86273718,1000,442.62911469,182
formalfull,vm_heterogeneity,WOA,WOA,W0_equal,medium_5_to_1,NONE,1000,50,71,20,20,20,400,0,420,179.91875348,624.08314326,1247.47978233,1.00254662,426.66743119,1188.93448673,1338.90465914,1.97502248,1.82995705,1000,433.98155963,164
formalfull,vm_heterogeneity,HHO,HHO,W0_equal,medium_5_to_1,NONE,1000,50,71,20,20,20,400,0,420,179.91875348,624.08314326,1247.47978233,1.00254662,411.02012072,1152.10437632,1331.28787466,1.92980810,1.78065986,1000,417.10396378,144
formalfull,vm_heterogeneity,GWO,GWO,W0_equal,medium_5_to_1,NONE,1000,50,71,20,20,20,400,0,420,179.91875348,624.08314326,1247.47978233,1.00254662,425.12614679,1185.33163022,1338.19933394,1.97046130,1.82509340,1000,432.55266055,192
formalfull,vm_heterogeneity,DBO,DBO,W0_equal,medium_5_to_1,NONE,1000,50,71,20,20,20,400,0,420,179.91875348,624.08314326,1247.47978233,1.00254662,424.32110092,1179.06622327,1329.94052344,1.99731246,1.82650557,1000,431.69715596,148
formalfull,vm_heterogeneity,PSO,PSO,W0_equal,medium_5_to_1,NONE,1000,50,71,20,20,20,400,0,420,179.91875348,624.08314326,1247.47978233,1.00254662,426.73279352,1189.48273850,1339.64640360,1.97261585,1.82981601,1000,431.64441296,148
formalfull,vm_heterogeneity,AOA,AOA,W0_equal,medium_5_to_1,NONE,1000,50,71,20,20,20,400,0,420,179.91875348,624.08314326,1247.47978233,1.00254662,418.23340040,1168.02365138,1332.89277097,1.95777472,1.80435541,1000,424.05768612,156
formalfull,vm_heterogeneity,LSCBO,LSCBO,W0_equal,medium_5_to_1,LEVY,2000,50,71,20,20,20,400,20,440,351.95252226,1221.30596003,2442.47189460,1.00153955,744.32339450,2127.94802407,2603.03683897,1.79079948,1.67774508,2000,758.08935780,425
formalfull,vm_heterogeneity,CBO,CBO,W0_equal,medium_5_to_1,NONE,2000,50,71,20,20,20,400,0,420,351.95252226,1221.30596003,2442.47189460,1.00153955,825.65825688,2305.21099177,2617.10444688,1.95995200,1.81546767,2000,840.47238532,367
formalfull,vm_heterogeneity,GTO,GTO,W0_equal,medium_5_to_1,NONE,2000,50,71,20,20,20,400,0,420,351.95252226,1221.30596003,2442.47189460,1.00153955,859.60779817,2380.64740463,2625.57921022,2.02425250,1.87194241,2000,873.52743119,408
formalfull,vm_heterogeneity,WOA,WOA,W0_equal,medium_5_to_1,NONE,2000,50,71,20,20,20,400,0,420,351.95252226,1221.30596003,2442.47189460,1.00153955,799.91586998,2247.50579264,2609.76903932,1.91216305,1.77269038,2000,810.91305927,377
formalfull,vm_heterogeneity,HHO,HHO,W0_equal,medium_5_to_1,NONE,2000,50,71,20,20,20,400,0,420,351.95252226,1221.30596003,2442.47189460,1.00153955,841.10323887,2339.65190806,2621.17941375,1.98891971,1.84113650,2000,851.15714593,326
formalfull,vm_heterogeneity,GWO,GWO,W0_equal,medium_5_to_1,NONE,2000,50,71,20,20,20,400,0,420,351.95252226,1221.30596003,2442.47189460,1.00153955,861.69527897,2388.15487402,2631.26460211,2.01835927,1.87407286,2000,871.42545064,419
formalfull,vm_heterogeneity,DBO,DBO,W0_equal,medium_5_to_1,NONE,2000,50,71,20,20,20,400,0,420,351.95252226,1221.30596003,2442.47189460,1.00153955,839.02434077,2335.00234653,2620.60607086,1.98508035,1.83769100,2000,847.71243408,359
formalfull,vm_heterogeneity,PSO,PSO,W0_equal,medium_5_to_1,NONE,2000,50,71,20,20,20,400,0,420,351.95252226,1221.30596003,2442.47189460,1.00153955,851.45030426,2357.86481297,2615.16114737,2.02491369,1.86058308,2000,860.65766734,325
formalfull,vm_heterogeneity,AOA,AOA,W0_equal,medium_5_to_1,NONE,2000,50,71,20,20,20,400,0,420,351.95252226,1221.30596003,2442.47189460,1.00153955,848.46963563,2355.65781511,2622.36605859,2.00408931,1.85355345,2000,858.66870445,347
formalfull,vm_heterogeneity,LSCBO,LSCBO,W0_equal,near_homogeneous_1_5_to_1,LEVY,500,50,71,20,20,20,400,20,440,62.34819639,215.99976240,543.24776085,1.00565606,69.11505065,230.25781453,543.53655121,1.11272994,1.07038653,500,70.71419682,79
formalfull,vm_heterogeneity,CBO,CBO,W0_equal,near_homogeneous_1_5_to_1,NONE,500,50,71,20,20,20,400,0,420,62.34819639,215.99976240,543.24776085,1.00565606,78.82573529,251.00027001,544.45790367,1.26158335,1.17075940,500,80.78794118,81
formalfull,vm_heterogeneity,GTO,GTO,W0_equal,near_homogeneous_1_5_to_1,NONE,500,50,71,20,20,20,400,0,420,62.34819639,215.99976240,543.24776085,1.00565606,80.68965517,255.38813380,545.36635895,1.28394763,1.18928947,500,82.44310345,81
formalfull,vm_heterogeneity,WOA,WOA,W0_equal,near_homogeneous_1_5_to_1,NONE,500,50,71,20,20,20,400,0,420,62.34819639,215.99976240,543.24776085,1.00565606,81.24197162,256.29426575,544.92620977,1.29636795,1.19543794,500,83.22047862,79
formalfull,vm_heterogeneity,HHO,HHO,W0_equal,near_homogeneous_1_5_to_1,NONE,500,50,71,20,20,20,400,0,420,62.34819639,215.99976240,543.24776085,1.00565606,80.33462532,254.38015551,544.88335996,1.28224023,1.18605253,500,82.16291121,67
formalfull,vm_heterogeneity,GWO,GWO,W0_equal,near_homogeneous_1_5_to_1,NONE,500,50,71,20,20,20,400,0,420,62.34819639,215.99976240,543.24776085,1.00565606,78.66939079,250.73637256,544.56918016,1.25818479,1.16903341,500,80.48382455,82
formalfull,vm_heterogeneity,DBO,DBO,W0_equal,near_homogeneous_1_5_to_1,NONE,500,50,71,20,20,20,400,0,420,62.34819639,215.99976240,543.24776085,1.00565606,80.44799406,254.62356333,544.89636129,1.28394316,1.18721815,500,82.11148588,63
formalfull,vm_heterogeneity,PSO,PSO,W0_equal,near_homogeneous_1_5_to_1,NONE,500,50,71,20,20,20,400,0,420,62.34819639,215.99976240,543.24776085,1.00565606,79.40095956,252.27493944,544.59521763,1.26967352,1.17661557,500,81.25667581,64
formalfull,vm_heterogeneity,AOA,AOA,W0_equal,near_homogeneous_1_5_to_1,NONE,500,50,71,20,20,20,400,0,420,62.34819639,215.99976240,543.24776085,1.00565606,80.78899721,255.32373294,544.87790473,1.28953749,1.19077809,500,82.86278552,59
formalfull,vm_heterogeneity,LSCBO,LSCBO,W0_equal,near_homogeneous_1_5_to_1,LEVY,1000,50,71,20,20,20,400,20,440,127.86523046,443.56421829,1117.74642870,1.00232690,142.13407202,473.93609115,1118.90764400,1.11013729,1.07216604,1000,145.77666667,180
formalfull,vm_heterogeneity,CBO,CBO,W0_equal,near_homogeneous_1_5_to_1,NONE,1000,50,71,20,20,20,400,0,420,127.86523046,443.56421829,1117.74642870,1.00232690,160.94056464,514.79936856,1121.93719603,1.24523920,1.16634206,1000,164.84226739,157
formalfull,vm_heterogeneity,GTO,GTO,W0_equal,near_homogeneous_1_5_to_1,NONE,1000,50,71,20,20,20,400,0,420,127.86523046,443.56421829,1117.74642870,1.00232690,159.48107715,511.71628252,1121.86071923,1.23423889,1.15899002,1000,162.89038599,148
formalfull,vm_heterogeneity,WOA,WOA,W0_equal,near_homogeneous_1_5_to_1,NONE,1000,50,71,20,20,20,400,0,420,127.86523046,443.56421829,1117.74642870,1.00232690,163.90110701,521.00318453,1122.00203085,1.26789128,1.18129141,1000,167.35501845,167
formalfull,vm_heterogeneity,HHO,HHO,W0_equal,near_homogeneous_1_5_to_1,NONE,1000,50,71,20,20,20,400,0,420,127.86523046,443.56421829,1117.74642870,1.00232690,161.87843705,516.99599620,1122.37410424,1.25080444,1.17089963,1000,165.60204052,129
formalfull,vm_heterogeneity,GWO,GWO,W0_equal,near_homogeneous_1_5_to_1,NONE,1000,50,71,20,20,20,400,0,420,127.86523046,443.56421829,1117.74642870,1.00232690,163.57742402,520.06238839,1121.52240902,1.26726809,1.17986559,1000,167.21853835,176
formalfull,vm_heterogeneity,DBO,DBO,W0_equal,near_homogeneous_1_5_to_1,NONE,1000,50,71,20,20,20,400,0,420,127.86523046,443.56421829,1117.74642870,1.00232690,162.40665702,517.78800516,1121.81889546,1.25704298,1.17381062,1000,165.74928305,151
formalfull,vm_heterogeneity,PSO,PSO,W0_equal,near_homogeneous_1_5_to_1,NONE,1000,50,71,20,20,20,400,0,420,127.86523046,443.56421829,1117.74642870,1.00232690,160.11530542,512.53058238,1120.94810294,1.24265791,1.16258475,1000,163.74811830,147
formalfull,vm_heterogeneity,AOA,AOA,W0_equal,near_homogeneous_1_5_to_1,NONE,1000,50,71,20,20,20,400,0,420,127.86523046,443.56421829,1117.74642870,1.00232690,164.51132464,521.85774234,1121.25191881,1.27557242,1.18471419,1000,168.20814688,142
formalfull,vm_heterogeneity,LSCBO,LSCBO,W0_equal,near_homogeneous_1_5_to_1,LEVY,2000,50,71,20,20,20,400,20,440,249.99749499,867.72012794,2188.34874909,1.00094188,283.68565815,940.67080044,2193.32934772,1.12683456,1.08671896,2000,291.46296005,385
formalfull,vm_heterogeneity,CBO,CBO,W0_equal,near_homogeneous_1_5_to_1,NONE,2000,50,71,20,20,20,400,0,420,249.99749499,867.72012794,2188.34874909,1.00094188,309.06789668,996.08507178,2197.89164165,1.21882096,1.15156310,2000,315.99694272,347
formalfull,vm_heterogeneity,GTO,GTO,W0_equal,near_homogeneous_1_5_to_1,NONE,2000,50,71,20,20,20,400,0,420,249.99749499,867.72012794,2188.34874909,1.00094188,309.88781575,997.33325393,2197.06367301,1.22365250,1.15385480,2000,317.31653789,351
formalfull,vm_heterogeneity,WOA,WOA,W0_equal,near_homogeneous_1_5_to_1,NONE,2000,50,71,20,20,20,400,0,420,249.99749499,867.72012794,2188.34874909,1.00094188,303.88553804,983.99235734,2195.55860056,1.20281069,1.13863131,2000,311.67819740,338
formalfull,vm_heterogeneity,HHO,HHO,W0_equal,near_homogeneous_1_5_to_1,NONE,2000,50,71,20,20,20,400,0,420,249.99749499,867.72012794,2188.34874909,1.00094188,305.05461255,986.46322517,2195.62213325,1.20731657,1.14164495,2000,311.89073529,308
formalfull,vm_heterogeneity,GWO,GWO,W0_equal,near_homogeneous_1_5_to_1,NONE,2000,50,71,20,20,20,400,0,420,249.99749499,867.72012794,2188.34874909,1.00094188,309.29411765,995.15261616,2195.36489292,1.22459398,1.15267391,2000,316.98720588,376
formalfull,vm_heterogeneity,DBO,DBO,W0_equal,near_homogeneous_1_5_to_1,NONE,2000,50,71,20,20,20,400,0,420,249.99749499,867.72012794,2188.34874909,1.00094188,303.79895219,983.70886240,2195.37300659,1.20282141,1.13844452,2000,312.09493779,333
formalfull,vm_heterogeneity,PSO,PSO,W0_equal,near_homogeneous_1_5_to_1,NONE,2000,50,71,20,20,20,400,0,420,249.99749499,867.72012794,2188.34874909,1.00094188,310.20424949,997.93270416,2196.95605691,1.22511024,1.15469574,2000,317.68698093,297
formalfull,vm_heterogeneity,AOA,AOA,W0_equal,near_homogeneous_1_5_to_1,NONE,2000,50,71,20,20,20,400,0,420,249.99749499,867.72012794,2188.34874909,1.00094188,313.02380952,1003.71265914,2196.78662573,1.23657669,1.16202516,2000,320.15034392,316
formalfull,perturbation,LSCBO,LEVY,W0_equal,default_4_to_1,LEVY,500,50,71,20,20,20,400,20,440,82.83512842,287.12219053,594.44213638,1.00436305,110.38218152,349.25351724,602.97707535,1.28516862,1.21072243,500,112.19501162,81
formalfull,perturbation,LSCBO,LEVY,W0_equal,default_4_to_1,LEVY,1000,50,71,20,20,20,400,20,440,170.24018945,590.29667370,1222.95875225,1.00345922,263.33208955,802.71702710,1256.22076296,1.43930251,1.34205479,1000,269.19395522,170
formalfull,perturbation,LSCBO,LEVY,W0_equal,default_4_to_1,LEVY,2000,50,71,20,20,20,400,20,440,332.70180960,1154.57141672,2394.53988911,1.00139389,556.21592649,1666.27112787,2477.42143081,1.52224723,1.41743768,2000,566.84480858,407
formalfull,perturbation,LSCBO,GAUSSIAN,W0_equal,default_4_to_1,GAUSSIAN,500,50,71,20,20,20,400,20,440,82.83512842,287.12219053,594.44213638,1.00436305,155.57248521,449.67558697,614.27316201,1.72078810,1.54772965,500,157.68691211,68
formalfull,perturbation,LSCBO,GAUSSIAN,W0_equal,default_4_to_1,GAUSSIAN,1000,50,71,20,20,20,400,20,440,170.24018945,590.29667370,1222.95875225,1.00345922,266.71674491,810.20352809,1257.00400714,1.45531006,1.35434406,1000,270.59669797,144
formalfull,perturbation,LSCBO,GAUSSIAN,W0_equal,default_4_to_1,GAUSSIAN,2000,50,71,20,20,20,400,20,440,332.70180960,1154.57141672,2394.53988911,1.00139389,595.99217527,1751.63494769,2481.91537356,1.62312144,1.49146301,2000,607.81149254,315
formalfull,perturbation,LSCBO,CAUCHY,W0_equal,default_4_to_1,CAUCHY,500,50,71,20,20,20,400,20,440,82.83512842,287.12219053,594.44213638,1.00436305,125.94640123,384.95527984,608.87442412,1.42718380,1.32661155,500,128.48952527,66
formalfull,perturbation,LSCBO,CAUCHY,W0_equal,default_4_to_1,CAUCHY,1000,50,71,20,20,20,400,20,440,170.24018945,590.29667370,1222.95875225,1.00345922,267.18639053,811.98081228,1258.44194761,1.45331158,1.35558249,1000,271.24905325,127
formalfull,perturbation,LSCBO,CAUCHY,W0_equal,default_4_to_1,CAUCHY,2000,50,71,20,20,20,400,20,440,332.70180960,1154.57141672,2394.53988911,1.00139389,561.53208138,1677.04227640,2476.87391736,1.53771810,1.42756982,2000,571.66434783,300
formalfull,perturbation,LSCBO,RANDOM_RESTART,W0_equal,default_4_to_1,RANDOM_RESTART,500,50,71,20,20,20,400,20,440,82.83512842,287.12219053,594.44213638,1.00436305,117.03672986,364.51874493,605.49992890,1.34682259,1.26050528,500,119.24500808,59
formalfull,perturbation,LSCBO,RANDOM_RESTART,W0_equal,default_4_to_1,RANDOM_RESTART,1000,50,71,20,20,20,400,20,440,170.24018945,590.29667370,1222.95875225,1.00345922,269.79772727,817.49465491,1258.57435156,1.46709283,1.36521298,1000,274.50159091,118
formalfull,perturbation,LSCBO,RANDOM_RESTART,W0_equal,default_4_to_1,RANDOM_RESTART,2000,50,71,20,20,20,400,20,440,332.70180960,1154.57141672,2394.53988911,1.00139389,687.86556169,1952.63699251,2499.19385516,1.83871966,1.65965040,2000,700.28350746,245
formalfull,perturbation,LSCBO,NONE,W0_equal,default_4_to_1,NONE,500,50,71,20,20,20,400,20,440,82.83512842,287.12219053,594.44213638,1.00436305,111.90505360,352.90653134,603.84173041,1.29767374,1.22197558,500,114.41908116,60
formalfull,perturbation,LSCBO,NONE,W0_equal,default_4_to_1,NONE,1000,50,71,20,20,20,400,20,440,170.24018945,590.29667370,1222.95875225,1.00345922,259.69981584,793.99148898,1254.13582078,1.42594938,1.32927236,1000,264.84983425,142
formalfull,perturbation,LSCBO,NONE,W0_equal,default_4_to_1,NONE,2000,50,71,20,20,20,400,20,440,332.70180960,1154.57141672,2394.53988911,1.00139389,532.87500000,1615.33954220,2473.27305096,1.46502107,1.37415078,2000,543.20007246,301
